0.0644271930912
0.150330117213
0.145728174849
0.0582912699397
0.236233041334
0.230097118183
1.15048559091
0.816077779155
0.0966407896368
0.21015536794
0.820679721519
0.82681564467
0.184077694546
0.181009732971
1.14434966776
0.161067982728
0.134990309334
0.550699102851
0.0843689433337
0.101242732
0.302194215213
0.223961195031
0.170271867455
0.13805827091
0.495475794487
0.711767085579
0.0736310778185
0.200951483213
0.219359252668
0.243902945274
0.296058292062
0.365087427517
1.13667976382
1.03236907025
0.305262176789
0.342077715698
0.831417587034
0.673417565882
0.312932080729
1.42506815195
0.251572849213
0.483203948184
1.01242732
1.3422331894
1.70578663613
0.941864203762
0.414174812729
0.599786488063
1.02930110867
1.42967009431
0.193281579274
0.371223350668
0.981747704247
0.538427256548
0.596718526488
1.7088545977
0.417242774305
0.590582603336
0.905048664853
0.889708856974
0.946466146125
0.921922453519
0.0813009817579
0.808407875216
0.420310735881
0.837553510186
1.33456328546
0.47860200582
0.630466103821
0.774660297882
0.733242816609
1.33916522782
1.22258268794
1.19190307219
0.309864119153
1.35297105492
0.802271952064
0.576776776245
0.320601984668
1.35603901649
0.647339892488
1.16429141801
1.20724288007
0.573708814669
0.612058334366
0.93572828061
1.03543703182
1.1274758791
1.70271867455
0.901980703277
1.21491278401
1.18423316825
0.608990372791
0.490873852123
0.423378697456
0.615126295942
1.01702926237
0.533825314184
1.34990309334
2.35005856704
0.740912720549
1.73186430952
1.23792249582
0.248504887637
1.11980597516
0.924990415095
1.65056332776
0.745514662912
1.46341767164
1.45114582534
1.90980608092
0.559902987578
0.788466124973
0.564504929942
1.27627201552
0.765456413155
0.793068067337
0.846757394913
0.570640853093
0.685689412185
1.10906810964
0.785398163397
0.701029220064
1.08759237861
0.886640895398
1.23025259188
0.504679679214
1.07071858994
1.00935935843
1.29007784261
0.521553467881
0.472466082669
1.32382541995
1.22718463031
0.526155410245
1.31768949679
0.849825356489
1.45728174849
1.84998083019
0.39883500485
1.6843109051
1.10293218649
1.53704874946
1.08299043625
1.87299054201
0.411106851153
1.10600014807
1.23485453425
0.697961258488
1.3299613431
0.737844758973
1.18116520667
1.29621376576
1.28240793867
1.25172832291
1.09526228255
1.28700988104
1.64135944304
0.967941877156
1.43887397904
1.31308755443
0.852893318064
1.36984484358
1.36217493964
0.360485485153
1.39745649776
0.621262219094
0.782330201822
0.651941834851
0.42798063982
0.799203990488
0.727106893458
1.04003897419
0.0475534044245
1.30695163128
1.20417491849
1.71959246322
1.71652450164
0.895844780125
0.91425254958
0.124252443819
0.665747661942
1.49563126819
1.58460215389
2.1521750454
1.63675750067
1.063048686
0.332873830971
0.277650522607
2.36079643256
1.55238855734
1.07532053231
1.54318467261
1.05384480128
1.06765062837
1.39438853619
0.96487391558
1.24866036134
0.467864140305
1.67817498195
1.86838859964
0.285320426547
0.771592336306
0.658077758003
2.29636923946
1.76100994449
1.09986422491
0.280718484183
0.37735927382
2.04019444789
0.34821363885
1.53398078789
0.404970928002
1.46801961401
0.446388409275
2.03559250552
1.50790311449
1.84077694546
1.56772836522
2.38840808674
1.17502928352
1.96502938928
0.644271930912
1.9374177351
0.690291354549
1.42046620958
0.995553531338
0.857495260428
0.509281621578
0.513883563942
1.67357303958
2.14910708383
1.61681575043
2.06167017892
0.351281600426
2.0263886208
1.50330117213
1.41279630564
0.931126338247
0.751650586064
1.62448565437
1.77174781001
1.66283517407
0.862097202792
1.3805827091
1.44807786376
1.57079632679
1.76714586764
1.47108757558
0.128854386182
2.38534012516
0.955670030853
0.974077800307
1.51403903764
2.19512650746
1.57539826916
1.07992247467
0.518485506305
1.05998072443
1.58153419231
1.44194194061
1.75640800213
1.3038836697
0.866699145155
1.40819436328
1.96196142771
2.49118479953
1.88372840752
2.37000031728
2.43902945274
1.26706813079
2.50192266504
2.39761197147
2.39454400989
1.52631088395
2.22734010401
1.63215555831
1.59073807704
0.43565054376
1.61221380807
2.18592262274
0.757786509216
2.43596149116
1.04924285891
1.80396140655
1.99264104346
0.26844663788
1.93434977352
0.260776733941
1.8990682154
0.257708772365
1.81623325286
2.11535950649
2.80411688025
1.25786424607
1.8361750031
2.40681585619
0.00153398078789
2.31170904734
2.08314590995
0.627398142245
1.4051264017
0.28992236891
0.263844695516
1.60300992334
2.60776733941
0.381961216184
2.01258279371
0.443320447699
1.94815560061
2.04786435183
2.02332065922
2.00644687055
0.00460194236366
0.878970991458
2.1782527188
1.98343715874
2.07087406365
2.28102943159
2.07547600601
1.80089344498
1.74873809819
2.20893233456
1.78095169474
1.56312642286
2.48044693401
1.82543713758
2.11075756413
1.94508763904
2.32244691286
1.86071869571
2.27642748922
2.61850520492
0.454058313214
1.48335942189
0.0168737886667
2.41448576013
2.65071880147
1.7978254834
2.74122366795
2.42675760644
2.23807796953
1.78708761789
2.24881583504
2.63844695516
2.89001980438
0.274582561032
0.391165100911
2.56328189656
0.0337475773335
2.25648573898
1.79475752183
2.09388377546
2.47431101086
0.116582539879
2.37767022122
2.5954954931
2.95751495904
2.58935956995
2.7473595911
2.52493237686
0.639669988548
2.26415564292
0.013805827091
1.97730123558
2.95291301668
2.8746799965
2.94524311274
2.12609737201
1.81009732971
1.88986433068
2.67986443644
2.87007805413
2.75042755268
2.92683534329
1.48029146031
0.0306796157577
2.57248578128
0.0230097118183
2.5326022808
2.57708772365
2.66145666698
2.52186441528
2.46050518377
2.83172853444
2.71821395613
2.97438874771
2.85627222704
2.8486023231
2.9375732088
2.54180616553
2.70287414825
0.121184482243
2.75963143741
2.70747609062
0.458660255578
2.92376738171
2.54947606947
2.76576736056
3.0648936142
2.69980618668
2.6721945325
2.97132078613
2.77190328371
2.77497124529
2.69213628274
3.05875769104
2.76883532213
3.09710721074
2.13223329516
2.84093241916
3.05415574868
2.45436926062
3.03421399844
3.0004664211
2.99279651716
2.78264114922
3.00660234426
3.03114603686
3.0142722482
3.07563147971
3.01887419056
2.91609747777
3.08483536444
3.13238876886
3.08023342207
2.9881945748
3.02194215213
3.10937905704
3.02807807529
3.12471886492
3.04188390238
2.90382563147
3.13545673044
3.12011692256
0.966407896368
1.0262331471
1.02316518552
0.900446722489
0.903514684065
1.02469916631
0.894310799337
0.898912741701
0.897378760913
0.958737992429
0.957204011641
1.03390305103
0.961805954004
0.969475857944
0.971009838732
1.03697101261
0.891242837762
0.972543819519
0.892776818549
0.963339934792
1.03083508946
0.954136050065
0.960271973216
1.02776712788
0.934194299822
0.977145761883
0.952602069277
0.90658264564
0.917320511156
0.918854491943
0.98634964661
1.00475741607
0.920388472731
1.00322343528
0.987883627398
0.989417608186
0.940330222974
0.990951588974
0.938796242186
1.00168945449
1.0001554737
0.926524395883
0.937262261398
0.928058376671
0.998621492914
0.929592357459
0.992485569762
0.997087512126
0.99401955055
0.984815665823
0.915786530368
0.983281685035
0.951068088489
1.02163120473
0.908116626428
1.02009722394
1.01856324316
0.975611781095
0.909650607216
0.932660319034
0.911184588004
1.01549528158
1.01396130079
1.00629139685
0.949534107701
0.948000126913
0.978679742671
0.980213723459
1.01089333922
0.944932165338
0.912718568792
1.00782537764
0.94339818455
0.923456434307
3.1400586728
1.0385049934
1.27167007316
1.27473803473
1.27780599631
1.2793399771
1.28087395788
1.28394191946
1.28547590025
1.28854386182
1.2916118234
1.29314580419
1.29467978498
1.29774774655
1.29928172734
1.30081570813
1.30234968891
1.30541765049
1.30848561207
1.31001959285
1.31155357364
1.31462153522
1.27320405395
1.27013609237
1.31922347758
1.26860211158
1.2287186111
1.23178657267
1.23332055346
1.23638851504
1.23945647661
1.2409904574
1.24252443819
1.24405841898
1.24559239976
1.24712638055
1.25019434213
1.2532623037
1.25479628449
1.25633026528
1.25939822685
1.26093220764
1.26246618843
1.26400016922
1.26553415001
1.31615551601
1.32075745837
1.04157295497
1.37137882437
1.37444678595
1.37598076673
1.37751474752
1.37904872831
1.38211668988
1.38365067067
1.38518465146
1.38671863225
1.38825261304
1.38978659382
1.39132057461
1.3928545554
1.39592251698
1.39899047855
1.40052445934
1.40205844013
1.40359242092
1.40666038249
1.40972834407
1.37291280516
1.36831086279
1.32229143916
1.36677688201
1.32535940073
1.32689338152
1.32842736231
1.33149532388
1.33302930467
1.33609726625
1.33763124704
1.34069920861
1.34376717019
1.34530115098
1.34683513176
1.34836911255
1.35143707413
1.3545050357
1.35757299728
1.35910697807
1.36064095885
1.36370892043
1.36524290122
1.22565064952
1.22411666873
1.22104870716
1.09066034019
1.09372830176
1.09679626334
1.09833024413
1.1013982057
1.10446616728
1.10753412885
1.11060209043
1.11213607122
1.113670052
1.11520403279
1.11673801358
1.11827199437
1.12133995594
1.12287393673
1.12440791752
1.12594189831
1.12900985988
1.13054384067
1.13207782146
1.09219432097
1.0891263594
1.21951472637
1.08605839782
1.04310693576
1.04464091655
1.04617489734
1.04770887813
1.0507768397
1.05231082049
1.05537878207
1.05691276285
1.05844674364
1.06151470522
1.06458266679
1.06611664758
1.06918460916
1.07225257073
1.07378655152
1.0768545131
1.07838849388
1.08145645546
1.08452441704
1.13361180225
1.13514578304
1.13821374461
1.1397477254
1.18269918746
1.18576714904
1.18730112982
1.18883511061
1.1903690914
1.19343705298
1.19497103376
1.19650501455
1.19803899534
1.19957297613
1.20110695691
1.2026409377
1.20570889928
1.20877686085
1.21031084164
1.21184482243
1.21337880322
1.21644676479
1.21798074558
1.17963122588
1.1780972451
1.17656326431
1.15662151407
1.14128170619
1.14281568697
1.14588364855
1.14741762934
1.14895161013
1.1520195717
1.15355355249
1.15508753328
1.15815549485
1.17349530273
1.15968947564
1.16122345643
1.16275743722
1.16582539879
1.16735937958
1.16889336037
1.17042734116
1.17196132194
0.888174876186
0.714835047155
0.88510691461
0.29759227285
0.271514599456
0.273048580244
0.276116541819
0.279184503395
0.282252464971
0.283786445759
0.286854407335
0.288388388123
0.291456349698
0.292990330486
0.294524311274
0.299126253638
0.883572933822
0.300660234426
0.303728196001
0.306796157577
0.308330138365
0.311398099941
0.314466061517
0.316000042304
0.317534023092
0.31906800388
0.322135965456
0.323669946244
0.269980618668
0.266912657092
0.265378676304
0.262310714728
0.213223329516
0.214757310304
0.216291291092
0.21782527188
0.220893233456
0.222427214243
0.225495175819
0.227029156607
0.228563137395
0.231631098971
0.233165079759
0.234699060547
0.237767022122
0.23930100291
0.240834983698
0.242368964486
0.245436926062
0.24697090685
0.250038868425
0.253106830001
0.254640810789
0.256174791577
0.259242753153
0.325203927032
0.32673790782
0.328271888608
0.383495196971
0.386563158547
0.388097139335
0.389631120123
0.392699081699
0.394233062487
0.395767043274
0.397301024062
0.400368985638
0.401902966426
0.403436947214
0.40650490879
0.408038889578
0.409572870365
0.412640831941
0.415708793517
0.418776755093
0.421844716669
0.424912678244
0.426446659032
0.429514620608
0.431048601396
0.432582582184
0.434116562972
0.385029177759
0.380427235396
0.329805869395
0.378893254608
0.331339850183
0.334407811759
0.335941792547
0.337475773335
0.339009754123
0.340543734911
0.343611696486
0.345145677274
0.346679658062
0.349747619638
0.352815581214
0.354349562002
0.355883542789
0.357417523577
0.358951504365
0.362019465941
0.363553446729
0.366621408305
0.368155389093
0.36968936988
0.372757331456
0.374291312244
0.375825293032
0.211689348728
0.208621387152
0.207087406365
0.0521553467881
0.0552233083639
0.0567572891518
0.0598252507275
0.0613592315154
0.0628932123033
0.0659611738791
0.067495154667
0.0690291354549
0.0705631162427
0.0720970970306
0.0751650586064
0.0766990393943
0.0782330201822
0.0797670009701
0.0828349625458
0.0859029241216
0.0874369049095
0.0889708856974
0.0905048664853
0.0920388472731
0.093572828061
0.0951068088489
0.0981747704247
0.053689327576
0.0506213660002
0.102776712788
0.0490873852123
0.00306796157577
0.00613592315154
0.00766990393943
0.00920388472731
0.0107378655152
0.0122718463031
0.0153398078789
0.0184077694546
0.0199417502425
0.0214757310304
0.0245436926062
0.0260776733941
0.0276116541819
0.0291456349698
0.0322135965456
0.0352815581214
0.0368155389093
0.0383495196971
0.039883500485
0.0414174812729
0.0429514620608
0.0444854428487
0.0460194236366
0.0997087512126
0.104310693576
0.205553425577
0.158000021152
0.162601963516
0.164135944304
0.165669925092
0.16720390588
0.168737886667
0.171805848243
0.173339829031
0.174873809819
0.176407790607
0.177941771395
0.179475752183
0.182543713758
0.185611675334
0.187145656122
0.18867963691
0.190213617698
0.191747598486
0.194815560061
0.196349540849
0.197883521637
0.199417502425
0.202485464001
0.204019444789
0.15953400194
0.156466040364
0.105844674364
0.154932059576
0.107378655152
0.10891263594
0.110446616728
0.111980597516
0.113514578304
0.115048559091
0.118116520667
0.119650501455
0.122718463031
0.125786424607
0.127320405395
0.13038836697
0.131922347758
0.133456328546
0.136524290122
0.139592251698
0.141126232485
0.142660213273
0.144194194061
0.147262155637
0.148796136425
0.151864098001
0.153398078789
0.437184524547
0.438718505335
0.440252486123
0.71790300873
0.720970970306
0.722504951094
0.724038931882
0.72557291267
0.728640874246
0.730174855034
0.731708835821
0.734776797397
0.736310778185
0.739378739761
0.742446701337
0.743980682125
0.7470486437
0.748582624488
0.750116605276
0.753184566852
0.75471854764
0.756252528428
0.759320490003
0.760854470791
0.762388451579
0.763922432367
0.766990393943
0.719436989518
0.716369027943
0.770058355519
0.713301066367
0.668815623518
0.670349604306
0.671883585094
0.67495154667
0.676485527458
0.678019508245
0.679553489033
0.681087469821
0.682621450609
0.684155431397
0.687223392973
0.688757373761
0.691825335336
0.693359316124
0.694893296912
0.6964272777
0.699495239276
0.702563200852
0.70409718164
0.705631162427
0.707165143215
0.708699124003
0.710233104791
0.768524374731
0.773126317094
0.664213681154
0.832951567822
0.836019529398
0.839087490973
0.840621471761
0.842155452549
0.843689433337
0.845223414125
0.848291375701
0.851359337277
0.854427298852
0.85596127964
0.859029241216
0.860563222004
0.86363118358
0.865165164368
0.868233125943
0.869767106731
0.871301087519
0.872835068307
0.874369049095
0.875903029883
0.877437010671
0.880504972246
0.882038953034
0.83448554861
0.829883606246
0.77619427867
0.828349625458
0.777728259458
0.779262240246
0.780796221034
0.78386418261
0.786932144185
0.790000105761
0.791534086549
0.794602048125
0.796136028913
0.797670009701
0.800737971276
0.803805932852
0.80533991364
0.806873894428
0.809941856004
0.811475836792
0.813009817579
0.814543798367
0.817611759943
0.819145740731
0.822213702307
0.823747683095
0.825281663882
0.66728164273
0.662679700367
0.441786466911
0.497009775275
0.500077736851
0.501611717639
0.503145698426
0.506213660002
-0.010024285672552057
-0.02740427742934843
0.01673609694720879
0.005111344178393385
-0.012927240766053075
-0.006111525101947608
0.000869281232842472
0.013222144376193321
-0.01094719446443501
-0.003945302368606234
0.010210252222934164
0.004836074257956275
-0.004601845539326483
-0.00390523710480008
0.004951575820807425
0.00337659168063923
0.003652500420348959
0.004229397750069862
-0.0026115461203740043
0.0037846400563985843
0.004542420702679162
-1.6002093392574897e-05
-0.0028435905107106647
-0.0028695505538266462
-0.003049924418183892
-0.002636706086004458
-0.0036045477657757918
-0.0014238544966418876
0.0011561747025157247
-0.003489198891538905
0.0034187861839994472
0.0010426830491269974
-0.002493197504343538
-0.0022933886745870958
-0.0012353004746135843
0.0029154321952381515
0.0004612672790935686
0.0030220546512654926
0.0004553655201032203
-0.0029109563879373135
-0.0010227912287049893
-0.0027530143283759573
0.0029081691277501676
0.0003836930369825984
0.002608285560794047
-0.001179750785957744
-0.0022189073372521385
-0.001652729461655357
0.0002810709846745198
0.0026334586933331227
0.002338819113930625
0.00014050155233102766
0.00048043138440327096
0.002221591060376728
-0.00199413365061174
0.0010855629004093473
0.0022614782485963977
2.7735088577012022e-05
0.002129967267295525
-0.0006507984455224873
0.000649684611014018
0.0021113432973817554
-0.0009888647957277757
-0.001912795743300956
0.0015568639804657727
-0.0014651031116319514
-0.0019511926038475538
0.0004909982641252396
-0.0013638880148726864
-0.0014687466185965088
0.0009033370209898458
0.0017605444557082027
-0.001371164475481588
-0.0014221708358224923
-0.0001814912484406009
0.0018806134539991319
-0.001848982055238765
-0.0003022499644555689
-0.0008450225949915464
-0.0016642526424897597
-0.0009828928091370598
-0.0015864522756727228
0.0010681356882707026
-0.0015144047656558393
-0.0015626847762954142
0.0009614704359906847
-0.0006877652535039613
-0.0016871381601056999
-0.0011397771042884303
-0.0014158885936216227
0.0013275612347318096
-0.0012335878190554452
-0.0009094015362881966
0.0015591492408006291
-0.00016792561563228178
-0.0017943595919271945
-0.001287452551306933
-0.0012191159186345588
-0.0016346185540720888
0.0006298580111805466
-0.0016179359168362675
0.0006521414390923434
2.9803906569668252e-05
-0.00169509004749065
-0.000326525168972234
-0.001642795572911707
-0.0010611989477350484
-0.0012845742779876218
0.0004959932259671457
-0.0015689284205790733
-0.0015956601045011777
-0.00030997279424144837
0.0001982402226609478
0.0015901688105557296
0.0012233838495182986
-0.0009660575056339292
-0.0014006778069161827
0.0006730737452742989
-0.0015028446337062135
-0.00027050556615874823
0.00016118887281321205
-0.0014859825506327695
0.0014783279680366654
0.00014952501234961676
-0.0008806845658053288
0.0011955197433798038
-0.00041969974985390325
0.00139294035187699
0.0009862566833260963
0.0010482817499184362
-0.001301342988368661
-0.000586823364822911
0.0008370634154302724
-0.0011548208846767249
0.0011648128355757387
0.00080384299525373
-0.0007787264570327191
0.0011648523950822773
-0.0011576866223752182
0.0007815278887554406
-0.00025241969262019127
-0.0013434656601238179
0.0002649338839973162
-0.0013361783990738034
0.0008718495277297599
-0.0010187932754522526
0.0007155035559059865
0.0011192278515793311
-0.0011556451916370004
-0.0006490105540536814
-0.0009179855990215854
0.0009404510084686762
-0.00027144590168741304
0.001263957305711278
0.0012717221387239473
-0.0002119403003935529
-0.0009404800614455997
0.0008720561901838855
-7.506376011105493e-05
0.0012797184609844752
-0.0005703834466045221
-0.001130668360288525
-0.0006061316369985041
0.0010764075330372297
0.0011953916544541134
0.0002936976065355837
0.0011800762095860095
0.00021264413237188223
-0.0011176982750293351
-0.0003916043014932318
0.0010361206958938802
0.0005734714950541002
-0.0011545774350835316
0.0002613510225641975
0.0008820540794255946
-0.000771575645561574
0.00028562496371418436
-0.0011361592388840656
-0.0008494979678124664
-0.0007997472010857945
0.0010915008789200856
0.0004109311289073072
-5.504846195713497e-05
0.001163333436640917
-0.0010896660979451379
-0.00037416296571182316
-0.0010131055997375242
-0.0005282249813588348
0.001078242494852169
0.00033909417478550255
-0.0011129863307813917
-0.00019348512794927658
0.0010887463643097827
0.00027133627925683413
-2.3172677824497798e-05
-0.0011167210095356411
-0.001082954990458181
0.00027280519990453985
0.0011054961493683596
-0.0001447551775368762
-0.0007822669470363157
-0.0007877209388796869
0.0008489949297624883
-0.0006655710087839705
-6.042981168035913e-05
-0.0010704472462963422
0.00027877658787927803
-0.001019292319616964
0.0010537906565783561
7.184984005355051e-05
0.000900633384856272
0.0005504202348782679
-0.0008881732703058612
-0.0005684796395550862
-0.001009984698861073
-0.00023545874180186692
-0.0009294073686987097
-0.0004302354517492767
0.0009903708322707764
-0.00018812306808860767
-0.0006547254507367501
0.0007661553408980486
0.0009788668626945077
0.00022273960274421777
-0.0009119525044423667
0.0004113588246447491
0.0009443386331130719
0.0003283241922452893
-0.0003212840471229106
0.0009342676850484273
-0.0009619184667868782
-0.0002146990114516091
-0.0004994328943615309
0.0008492249671322986
-0.0009775888654607243
9.443201992840184e-05
0.000979241912647268
-3.114364987188977e-05
0.0009220221305249628
-0.0002676877127620262
0.00092324574246714
0.00018694067330205213
-0.0006826333661906659
-0.0006486758271927538
0.0008714288535566872
-0.00034727095003605243
0.00018614600437660234
0.000913436531598305
-0.00046331299127466973
-0.0008065001285276532
0.00029134385223544834
-0.0008717358482239848
0.0008884668607782519
-0.000234947867449718
0.0001847930758110878
0.0008985840178980282
-0.00041080014182136407
-0.0008192847855441078
0.0008750644705324609
-0.0002583711359365375
0.0008860717950410855
-0.00021568227667604343
0.00017249838092506126
0.0008906687504121203
0.00034814464431968386
0.0008355126821232903
0.0003614770690351949
-0.0008266260227235775
0.0003661344031435694
-0.0008097470230536898
-4.7761706975002065e-05
0.000879132540435916
-0.0008426740470703625
0.00020224454396366222
0.0004704299910081841
-0.0007249667490975978
0.000766605659225544
-0.00033653402265652356
-0.0005934559633872927
0.0005874581291838603
0.0007874495476446991
0.0002756631953347596
0.0007992433126533398
0.00022402980408675691
0.0007886171964334464
-0.00025242523089603756
-0.0005328449402019352
0.0006320732341691122
-0.0007715602418726559
-0.00028906635809485914
-0.0008149529990393072
5.590941008055419e-06
0.0007515151085390522
0.00030788262831743496
8.714868326498756e-07
-0.0008097477707573982
0.0008079575697754244
3.9814553790854424e-05
0.000808774716979945
1.3761394251911871e-05
-0.0003620384219659791
-0.0007155898564257932
-0.0002614898778282381
0.0007535972442669972
0.0005399346763118426
-0.0005816352204640415
0.0006725737068619447
0.0004097207018316713
-0.0007844074903292646
8.772044680603066e-06
0.0004899835910470564
0.000604311588962456
0.0007541122691709476
0.00018409654396793989
-0.0006576243176360313
-0.0004065032899670004
0.00032384816844423746
-0.0006924889400810505
0.0007183051373145617
-0.00025735635526440457
-0.000706711375390552
0.00027677505976044485
-0.0007210783163932222
0.0002196231297931463
-0.00046661868692383826
-0.0005914658791930933
0.0007474260407948282
1.6217391763109648e-05
0.0005504300518676538
-0.0004965366873262482
0.0005834980650613352
0.00045359887220019547
-0.0007380244003923103
-5.872041415592731e-06
-0.0005412192147207361
-0.0005003032715693079
-0.0007342474955992584
2.4243984022662038e-06
0.0003873460524254616
-0.0006209204558211795
-0.0003789297390184414
0.0006245204130785711
-0.0003550266151303211
0.0006367720702048366
-0.00011230564960141147
0.0007182020657568518
-0.000686391215023787
0.00023834483845981138
-0.0006276183344248443
-0.000347117506223085
0.0007106342662829173
-7.892413893464977e-06
8.101419400114861e-05
0.0006985781562304687
-0.00016899070863069443
0.0006747864706432081
-0.0005453595452365112
0.00040691351094568985
-0.0005359233145227676
-0.00041604416491740245
0.0005672126263157704
-0.0003608826172634494
-0.00024681932681320606
0.0006253356383355527
-0.0006492841939248102
-0.00014736681788714713
-0.000564046186590432
0.000327637958700928
-7.461801492544869e-05
0.0006437421550150939
-0.00011794834553383472
-0.0006284141293974605
-0.00040547540193426916
0.000492575608175247
-0.0004796412191475198
0.00041691546493067714
-3.653881289978501e-05
-0.0006325478117237105
-8.993770727747487e-05
-0.0006236924293625623
-0.00014729256265806222
-0.0006094978003584804
0.00046127717434364223
0.0004191228925358376
8.62441847040604e-05
-0.0006157585212353997
-0.0001438974526999882
0.0005975440671338911
-2.8298464962388896e-05
0.0006012117841722872
0.00013126561847295946
0.0005837832304134193
0.00037253735924353123
-0.0004674108584419073
-0.0005421223554959455
-0.00022585246441758308
-0.0005541108865304297
0.00018892761667503133
6.048167638306157e-05
0.0005816976360641977
-1.3710480075528975e-05
-0.0005830484750666935
-0.0004070538206786795
-0.0004118024747204984
-0.0005308682648137127
0.00021316274289375137
0.00014571794480298906
0.0005481318361021363
-0.0005639172566219332
-4.2915390164245386e-05
-0.0005364348563268832
0.0001757736204268291
0.0005503284344203521
0.00011709963429576078
6.910287673432994e-05
-0.0005563274877660251
6.204055198716634e-06
0.000560066741176752
0.00042073356308706305
0.0003634228892844074
-0.0005478990518246685
-9.350079505898501e-05
0.0005534666539186899
-6.2844965759491255e-06
0.0002324791790768175
0.0005015725102869577
-0.0005298054418652483
0.0001342333583642326
-0.00043690288789543326
0.0003267454233715348
-0.0003559798456993499
0.000404089061641254
-0.0005222030197873703
0.00012566481621386575
0.0004845152080376069
0.00022286802705124024
-0.0004976789022727424
0.00017203615166409646
-0.0003629461165967476
0.0003773191781933406
-7.570137717073036e-05
0.0005174847621232412
9.075000833420972e-05
-0.0005150117207764286
0.0002968885210613163
-0.00042980235855535946
0.0005193295374403234
-1.0259036874882147e-05
0.0005047691335613052
-0.0001189653134757512
0.00048078895131300147
-0.0001907389538485431
0.0003033443816506805
0.00041767882299845405
-0.0004952397268363669
0.00014451642501664625
0.0005051861594221421
0.00010028876381999515
0.0005071020643872872
-6.86180344299844e-05
-0.00018417245460284536
0.00046505986393088926
-0.0004242384232922628
0.00025940469070901827
0.0004932445906448799
1.2689939187825248e-06
0.00034753003060325905
-0.0003474082293778957
0.0004644819951239871
0.00015238673708482236
-8.320548692450347e-05
-0.00047715173570917244
-0.00011187021074202282
-0.000469881068087181
0.000284219600044887
-0.0003862096798781436
0.00043979226936938616
0.0001813812772966437
-0.00047507378975541244
-1.730713912392526e-05
0.00046684471108210455
-5.594590793655521e-07
7.370135643465579e-05
0.00045864412790139604
-5.318768919477439e-06
0.00046238424607333725
-0.00033844548928964785
0.00030727965595253045
-0.00045524203884529424
3.489091904444801e-05
0.00045070141189955214
4.322361597182547e-05
2.9242326594440933e-05
0.0004508036087992898
-6.46497021456553e-05
0.000445701719465696
-0.0004446315796073667
-5.136116686272588e-05
0.00018453417349193507
-0.00040432800268329913
-0.0004091064122389939
0.00016204984926718576
-0.0004286902244630494
7.012489512635861e-05
0.0001179774346567869
-0.0004180303183130216
0.00013007175108933975
0.0004010717376163249
-5.2526002393685285e-05
-0.00041627975093271594
-0.0002768252514284579
-0.0003020708281094404
0.00040770010192999715
-3.485638819788846e-05
0.00037333460246221294
-0.00015218941724053298
-0.00018709120278606936
0.0003453544982020889
-0.00038280692257170547
-7.343851744111648e-05
0.00035871367372924246
-0.00015242000455511644
-0.00016675986023039695
-0.00034927722964500527
-0.0002747219963486245
-0.00027025979784088864
-0.00020540458755157216
0.0003237202949657259
0.0003669858014661503
-0.00010286592010472651
0.00028202989926430424
-0.00025396393892189727
-0.00012283671013141578
0.00034618383757107577
7.30112530867254e-05
0.00035762643369868037
-0.00019050631322099022
-0.0003062036509099678
0.0003081629243420279
-0.0001842129114598533
-0.0003294834642496711
-0.00013953843403931884
0.00035454323485789515
3.720143321975107e-05
-1.4858157053694566e-05
0.0003558914722193062
-2.3084158261344172e-05
0.00035121944814969276
0.000257151879621591
0.00022754261857926099
-0.0002995877454399207
-0.00016706623150831344
0.0002630917675307693
-0.00021857948994831369
-0.0002098082752372358
0.00026439607797890217
-0.00027969736587265745
0.00018319429545576984
0.00022410416934423203
0.00024735109354028016
0.00028788410068881294
-0.00016399100576618112
-0.00028651768220440063
-0.00015133709031356254
0.0003233535701779953
-1.1117640913194243e-05
-0.00020179338756726192
0.00023885897221843003
0.00013525776736795516
0.0002791428678744392
-0.0002890354148407555
0.00010871872134081873
-0.00029280227301814227
-9.042637380183953e-05
-2.455971856256639e-05
0.00030473969060329677
-0.00026901140359201516
-0.00014112620499135266
-0.00020271459407424086
-0.00022284486451053427
-0.0001864853211076911
0.0002358764853886088
0.00029696475415101153
-4.212384729632189e-05
0.00013725083918862102
0.0002651175686614785
-0.0002531791085587458
-0.00015793474589922513
-0.0002546761789089435
0.00015518769935886887
-0.0002665701430639689
0.00013044593813763523
9.184286708384726e-05
0.00027029771987327364
0.00023349049828588395
-0.00016111936503292287
-0.00011632799924010326
0.0002578557070324589
-0.00027563266815345275
-4.983417294124277e-05
-0.00027848266177056807
1.4735590429517086e-05
-0.0002280620359485691
-0.0001467458093355003
-0.000215010417900729
0.00015540715082671918
-0.0002539553274466114
-3.5795601388448174e-05
-8.535001921377357e-05
0.00024061212715992215
-0.00012299633603412872
-0.00022200040856634208
-0.00012762003437511506
0.00021385413665187073
0.00020150632392045226
-0.0001453331457075634
-0.00024402592991063944
-3.760320899058413e-05
0.00017709448366231043
-0.00017161799963694613
0.00016989680000366835
-0.0001726082364644794
0.00023650977806095657
1.6877787252250702e-05
0.00011460593968552334
0.00020496968208862792
0.0001464736968422568
-0.0001828963860193229
0.00018284001127446075
-0.00014557528327068767
0.00018948462537173315
0.00011421786777636835
-0.00020860856119412664
6.661174371612542e-05
-0.000189236646682085
-0.00010943171154972268
7.81004989709537e-05
0.00020281682389074518
-0.0001166919746959171
-0.00017783929479409875
1.682547773420185e-05
0.00021187410870006254
-0.00010707818957294592
-0.00018065253439243287
-0.00020766508166049678
-2.956904642599441e-05
0.00017239966425085772
0.00011450552369054047
1.6034996917842795e-05
-0.0002052809532198593
-0.000203836421261293
-2.2708082503308845e-06
6.457832557413203e-05
-0.00018719984598168003
-0.00010481007332999387
0.00016641175907577396
0.0001414074624230061
-0.00013428200259860156
0.00019270999691900232
-2.1361019774863944e-05
0.00012838852775417614
0.00013367316220315044
-0.0001738190570619875
-5.3412020002885466e-05
7.516006013352539e-05
0.0001648016505789457
-0.00017712419874634912
3.2305472355664724e-05
-2.3776320266699592e-05
-0.0001765250302324981
0.0001294602804949925
-0.0001207867786068352
0.00014405326242275887
9.886879728477862e-05
7.354845030354195e-05
-0.0001558874520070808
-3.072752118249585e-05
0.00016898714013357597
3.0192201005719297e-07
0.00017174771252258703
0.00014991427470221422
7.47141211523499e-05
5.620011250618293e-05
-0.0001556410479835622
0.00011785357142117206
-0.0001104296149779904
4.863028181283807e-05
0.00015382464183027474
0.00015779582419936193
2.7222930518486663e-05
-7.790611982828204e-05
0.0001360306390653617
0.00010475491040661387
-0.0001159409692230585
5.960002881041495e-05
-0.000138516931555215
-0.00013865834085058425
-5.889654248918011e-05
0.0001401614784284359
-5.214454360799142e-05
2.7152182898045898e-05
0.00014584637354250055
-0.0001300219099988493
7.027601277198361e-05
-0.0001476225910496951
-6.017460874579528e-06
-1.0571018143038359e-05
-0.0001401227290686708
-7.68554243701775e-05
0.00011603180445382902
-0.00011161457328857504
7.570163674706722e-05
5.4772161980499594e-05
0.00011557965021049806
-5.8907910497310546e-05
0.00010938038427895248
-3.790033210242439e-05
-0.00011424952522579219
-9.912720902751715e-06
-0.00011431265038906567
8.210076764500365e-05
-7.259541053537247e-05
-0.00010573318721773773
2.1703212313737546e-05
7.871696747344814e-05
-7.190621749663309e-05
6.894973035425999e-05
-8.090227166204047e-05
-2.2522976457800927e-05
-0.00010311091821089068
-0.00010384019286664194
1.310599374705504e-05
-7.571790310800016e-05
-6.907748795959728e-05
-6.816039485931685e-05
-7.571372988445782e-05
-6.920360044917247e-05
-6.521426203685474e-05
2.1182316713507215e-05
8.958153362299002e-05
8.42745497871106e-05
-3.06517762397816e-05
5.493009497479793e-05
-6.894091053946536e-05
1.2491743993980057e-05
-8.388983381149668e-05
5.8606132662218505e-06
-8.4348533412758e-05
8.334452586398425e-05
-1.3814064945958239e-05
7.944939254506627e-05
-1.2064471010203007e-05
6.526693725924425e-05
-4.254870382523887e-05
4.904922885243929e-05
5.9101873955056885e-05
7.382925643813665e-05
-2.0843988705880314e-05
-4.857067542125165e-05
-5.881016997153496e-05
6.781583264892424e-05
-3.0892878782622356e-05
-6.639784763635265e-05
-2.6365487384476726e-05
6.982726124712865e-05
4.6922696754013015e-06
-5.888014602586716e-05
-2.5838650236448675e-05
2.6759970916347218e-05
5.813209134398361e-05
4.9141840426796674e-05
-3.9365692412632845e-05
6.12988433636916e-05
7.423665368800313e-06
3.643852142942689e-05
-4.7987116908593795e-05
1.739369150637808e-05
5.731760483187662e-05
1.003063137223776e-05
-5.619176289181193e-05
4.0311221822091403e-05
-3.911374426368054e-05
5.310307548127822e-05
-1.5640170365679916e-05
-7.711370087326518e-06
5.4630850020761586e-05
-3.824729823403156e-05
-3.7009499133868064e-05
2.627404510971654e-05
-4.621645960593558e-05
-2.8491180905011032e-05
4.3704386990620796e-05
4.139794741197817e-05
3.03783733714573e-05
-5.033225047455488e-05
-7.806935359402358e-06
-4.170798688321123e-05
2.621599832124664e-05
4.435948943389868e-05
8.728845751513475e-06
4.492190372811678e-05
4.084854297512211e-06
3.1244728529597693e-06
4.370664647233686e-05
3.239015538378416e-05
2.18540198144543e-05
-2.3209879041103418e-05
2.9722712088832762e-05
-9.422072172780155e-06
3.377994638177856e-05
2.974858623421063e-06
3.4650190774191124e-05
2.036676653238581e-05
2.7606918634987638e-05
-3.1167033665887916e-05
9.377015068413831e-06
-3.080665437058631e-05
-5.422776280379933e-06
1.0479373072286286e-05
-2.640860750277108e-05
2.01761352327027e-05
-1.8914865422423478e-05
-8.286375407812402e-06
2.496826736388385e-05
2.6551319293758517e-06
-2.5895296284691966e-05
-1.1546226382545821e-05
2.2590828343493745e-05
1.6627555457210353e-05
1.8433488161176187e-05
-2.997818048708009e-06
2.253552842270551e-05
1.9117098158819967e-05
1.115246639598515e-05
2.0838825728516398e-05
-2.3115457234326557e-06
-1.8711924786891574e-05
8.901115967177391e-06
1.3509458207014251e-05
-1.5373371505722727e-05
-1.412697041442909e-06
-2.0103729760169442e-05
-4.4919492519038555e-06
-1.945785094128189e-05
1.3309455629550125e-05
1.4690065937795517e-05
-8.330339715503744e-06
-1.741226346869268e-05
4.160260406666188e-06
-1.6737209486414122e-05
1.5796966037172344e-06
-1.6615550697578348e-05
-1.276210454211361e-05
1.0321561833932878e-05
-9.989156563714347e-06
-1.2364457098691111e-05
-7.17930454475078e-06
1.3150943576903916e-05
-1.0355910035780353e-05
-7.138923615367922e-06
9.91266034983999e-06
5.5299837711917955e-06
3.8730136344040933e-07
8.920864103830091e-06
-6.512386903712378e-06
3.025162290226321e-06
-3.849495114663999e-06
-5.3276296772567454e-06
4.140246884316326e-06
1.7182193597079014e-06
0.0
0.0
0.0
0.0
0.0
0.0
0.0
0.0
0.0
0.0
0.0
0.0
0.0
0.0
0.0
0.0
0.0
0.0
0.0
0.0
0.0
0.0
0.0
0.0
0.0
0.0
0.0
0.0
0.0
0.0
0.0
0.0
0.0
0.0
0.0
0.0
0.0
0.0
0.0
0.0
0.0
0.0
0.0
0.0
0.0
0.0
0.0
0.0
0.0
0.0
0.0
0.0
0.0
0.0
0.0
0.0
0.0
0.0
0.0
0.0
0.0
0.0
0.0
0.0
0.0
0.0
0.0
0.0
0.0
0.0
0.0
0.0
0.0
0.0
0.0
0.0
0.0
0.0
0.0
0.0
0.0
0.0
0.0
0.0
0.0
0.0
0.0
0.0
0.0
0.0
0.0
0.0
0.0
0.0
0.0
0.0
0.0
0.0
0.0
0.0
0.0
0.0
0.0
0.0
0.0
0.0
0.0
0.0
0.0
0.0
0.0
0.0
0.0
0.0
0.0
0.0
0.0
0.0
0.0
0.0
0.0
0.0
0.0
0.0
0.0
0.0
0.0
0.0
0.0
0.0
0.0
0.0
0.0
0.0
0.0
0.0
0.0
0.0
0.0
0.0
0.0
0.0
0.0
0.0
0.0
0.0
0.0
0.0
0.0
0.0
0.0
0.0
0.0
0.0
0.0
0.0
0.0
0.0
0.0
0.0
0.0
0.0
0.0
0.0
0.0
0.0
0.0
0.0
0.0
0.0
0.0
0.0
0.0
0.0
0.0
0.0
0.0
0.0
0.0
0.0
0.0
0.0
0.0
0.0
0.0
0.0
0.0
0.0
0.0
0.0
0.0
0.0
0.0
0.0
0.0
0.0
0.0
0.0
0.0
0.0
0.0
0.0
0.0
0.0
0.0
0.0
0.0
0.0
0.0
0.0
0.0
0.0
0.0
0.0
0.0
0.0
0.0
0.0
0.0
0.0
0.0
0.0
0.0
0.0
0.0
0.0
0.0
0.0
0.0
0.0
0.0
0.0
0.0
0.0
0.0
0.0
0.0
0.0
0.0
0.0
0.0
0.0
0.0
0.0
0.0
0.0
0.0
0.0
0.0
0.0
0.0
0.0
0.0
0.0
0.0
0.0
0.0
0.0
0.0
0.0
0.0
0.0
0.0
0.0
0.0
0.0
0.0
0.0
0.0
0.0
0.0
0.0
0.0
0.0
0.0
0.0
0.0
0.0
0.0
0.0
0.0
0.0
0.0
0.0
0.0
0.0
0.0
0.0
0.0
0.0
0.0
0.0
0.0
0.0
0.0
0.0
0.0
0.0
0.0
0.0
0.0
0.0
0.0
0.0
0.0
0.0
0.0
0.0
0.0
0.0
0.0
0.0
0.0
0.0
0.0
0.0
0.0
0.0
0.0
0.0
0.0
0.0
0.0
0.0
0.0
0.0
0.0
0.0
0.0
0.0
0.0
0.0
0.0
0.0
0.0
0.0
0.0
0.0
0.0
0.0
0.0
0.0
0.0
0.0
0.0
0.0
0.0
0.0
0.0
0.0
0.0
0.0
0.0
0.0
0.0
0.0
0.0
0.0
0.0
0.0
0.0
0.0
0.0
0.0
0.0
0.0
0.0
0.0
0.0
0.0
0.0
0.0
0.0
0.0
0.0
0.0
0.0
0.0
0.0
0.0
0.0
0.0
0.0
0.0
0.0
0.0
0.0
0.0
0.0
0.0
0.0
0.0
0.0
0.0
0.0
0.0
0.0
0.0
0.0
0.0
0.0
0.0
0.0
0.0
0.0
0.0
0.0
0.0
0.0
0.0
0.0
0.0
0.0
0.0
0.0
0.0
0.0
0.0
0.0
0.0
0.0
0.0
0.0
0.0
0.0
0.0
0.0
0.0
0.0
0.0
0.0
0.0
0.0
0.0
0.0
0.0
0.0
0.0
0.0
0.0
0.0
0.0
0.0
0.0
0.0
0.0
0.0
0.0
0.0
0.0
0.0
0.0
0.0
0.0
0.0
0.0
0.0
0.0
0.0
0.0
0.0
0.0
0.0
0.0
0.0
0.0
0.0
0.0
0.0
0.0
0.0
0.0
0.0
0.0
0.0
0.0
0.0
0.0
0.0
0.0
0.0
0.0
0.0
0.0
0.0
0.0
0.0
0.0
0.0
0.0
0.0
0.0
0.0
0.0
0.0
0.0
0.0
0.0
0.0
0.0
0.0
0.0
0.0
0.0
0.0
0.0
0.0
0.0
0.0
0.0
0.0
0.0
0.0
0.0
0.0
0.0
0.0
0.0
0.0
0.0
0.0
0.0
0.0
0.0
0.0
0.0
0.0
0.0
0.0
0.0
0.0
0.0
0.0
0.0
0.0
0.0
0.0
0.0
0.0
0.0
0.0
0.0
0.0
0.0
0.0
0.0
0.0
0.0
0.0
0.0
0.0
0.0
0.0
0.0
0.0
0.0
0.0
0.0
0.0
0.0
0.0
0.0
0.0
0.0
0.0
0.0
0.0
0.0
0.0
0.0
0.0
0.0
0.0
0.0
0.0
0.0
0.0
0.0
0.0
0.0
0.0
0.0
0.0
0.0
0.0
0.0
0.0
0.0
0.0
0.0
0.0
0.0
0.0
0.0
0.0
0.0
0.0
0.0
0.0
0.0
0.0
0.0
0.0
0.0
0.0
0.0
0.0
0.0
0.0
0.0
0.0
0.0
0.0
0.0
0.0
0.0
0.0
0.0
0.0
0.0
0.0
0.0
0.0
0.0
0.0
0.0
0.0
0.0
0.0
0.0
0.0
0.0
0.0
0.0
0.0
0.0
0.0
0.0
0.0
0.0
0.0
0.0
0.0
0.0
0.0
0.0
0.0
0.0
0.0
0.0
0.0
0.0
0.0
0.0
0.0
0.0
0.0
0.0
0.0
0.0
0.0
0.0
0.0
0.0
0.0
0.0
0.0
0.0
0.0
0.0
0.0
0.0
0.0
0.0
0.0
0.0
0.0
0.0
0.0
0.0
0.0
0.0
0.0
0.0
0.0
0.0
0.0
0.0
0.0
0.0
0.0
0.0
0.0
0.0
0.0
0.0
0.0
0.0
0.0
0.0
0.0
0.0
0.0
0.0
0.0
0.0
0.0
0.0
0.0
0.0
0.0
0.0
0.0
0.0
0.0
0.0
0.0
0.0
0.0
0.0
0.0
0.0
0.0
0.0
0.0
0.0
0.0
0.0
0.0
0.0
0.0
0.0
0.0
0.0
0.0
0.0
0.0
0.0
0.0
0.0
0.0
0.0
0.0
0.0
0.0
0.0
0.0
0.0
0.0
0.0
0.0
0.0
0.0
0.0
0.0
0.0
0.0
0.0
0.0
0.0
0.0
0.0
0.0
0.0
0.0
0.0
0.0
0.0
0.0
0.0
0.0
0.0
0.0
0.0
0.0
0.0
0.0
0.0
0.0
0.0
0.0
0.0
0.0
0.0
0.0
0.0
0.0
0.0
0.0
0.0
0.0
0.0
0.0
0.0
0.0
0.0
0.0
0.0
0.0
0.0
0.0
0.0
0.0
0.0
0.0
0.0
0.0
0.0
0.0
0.0
0.0
0.0
0.0
0.0
0.0
0.0
0.0
0.0
0.0
0.0
0.0
0.0
0.0
0.0
0.0
0.0
0.0
0.0
0.0
0.0
0.0
0.0
0.0
0.0
0.0
0.0
0.0
0.0
0.0
0.0
0.0
0.0
0.0
0.0
0.0
0.0
0.0
0.0
0.0
0.0
0.0
0.0
0.0
0.0
0.0
0.0
0.0
0.0
0.0
0.0
0.0
0.0
0.0
0.0
0.0
0.0
0.0
0.0
0.0
0.0
0.0
0.0
0.0
0.0
0.0
0.0
0.0
0.0
0.0
0.0
0.0
0.0
0.0
0.0
0.0
0.0
0.0
0.0
0.0
0.0
0.0
0.0
0.0
0.0
0.0
0.0
0.0
0.0
0.0
0.0
0.0
0.0
0.0
0.0
0.0
0.0
0.0
0.0
0.0
0.0
0.0
0.0
0.0
0.0
0.0
0.0
0.0
0.0
0.0
0.0
0.0
0.0
0.0
0.0
0.0
0.0
0.0
0.0
0.0
0.0
0.0
0.0
0.0
0.0
0.0
0.0
0.0
0.0
0.0
0.0
0.0
0.0
0.0
0.0
0.0
0.0
0.0
0.0
0.0
0.0
0.0
0.0
0.0
0.0
0.0
0.0
0.0
0.0
0.0
0.0
0.0
0.0
0.0
0.0
0.0
0.0
0.0
0.0
0.0
0.0
0.0
0.0
0.0
0.0
0.0
0.0
0.0
0.0
0.0
0.0
0.0
0.0
0.0
0.0
0.0
0.0
0.0
0.0
0.0
0.0
0.0
0.0
0.0
0.0
0.0
0.0
0.0
0.0
0.0
0.0
0.0
0.0
0.0
0.0
0.0
0.0
0.0
0.0
0.0
0.0
0.0
0.0
0.0
0.0
0.0
0.0
0.0
0.0
0.0
0.0
0.0
0.0
0.0
0.0
0.0
0.0
0.0
0.0
0.0
0.0
0.0
0.0
0.0
0.0
0.0
0.0
0.0
0.0
0.0
0.0
0.0
0.0
0.0
0.0
0.0
0.0
0.0
0.0
0.0
0.0
0.0
0.0
0.0
0.0
0.0
0.0
0.0
0.0
0.0
0.0
0.0
0.0
0.0
0.0
0.0
0.0
0.0
0.0
0.0
0.0
0.0
0.0
0.0
0.0
0.0
0.0
0.0
0.0
0.0
0.0
0.0
0.0
0.0
0.0
0.0
0.0
0.0
0.0
0.0
0.0
0.0
0.0
0.0
0.0
0.0
0.0
0.0
0.0
0.0
0.0
0.0
0.0
0.0
0.0
0.0
0.0
0.0
0.0
0.0
0.0
0.0
0.0
0.0
0.0
0.0
0.0
0.0
0.0
0.0
0.0
0.0
0.0
0.0
0.0
0.0
0.0
0.0
0.0
0.0
0.0
0.0
0.0
0.0
0.0
0.0
0.0
0.0
0.0
0.0
0.0
0.0
0.0
0.0
0.0
0.0
0.0
0.0
0.0
0.0
0.0
0.0
0.0
0.0
0.0
0.0
0.0
0.0
0.0
0.0
0.0
0.0
0.0
0.0
0.0
0.0
0.0
0.0
0.0
0.0
0.0
0.0
0.0
0.0
0.0
0.0
0.0
0.0
0.0
0.00070666978289
0.000498902354554
0.00068901734434
0.000634976809132
0.000949416839226
0.00033449165028
0.000766069264386
0.00110726793958
0.000604807454816
0.000835987925369
0.000977177978828
0.00114419534683
0.000953155971786
0.000870319955145
0.00120188527002
0.000491460273144
0.000792121322849
0.000828765902745
0.000708164276435
0.000282464404388
0.000661010204886
0.0010437130165
0.000950192581005
0.000522453059925
0.000470978830448
0.000737725921013
0.000538849414165
0.000795603041927
0.000723118705342
0.000821555757381
0.000718467026751
0.0010142891762
0.000929050128277
0.00126120671545
0.000579315588495
0.000612491467606
0.00101433143148
0.00110703941426
0.00108347257062
0.00131582979228
0.000753562441822
0.000589117976514
0.00120769428595
0.00089845012159
0.00113482248485
0.000914077388823
0.000904200248963
0.00093271007268
0.00120174342102
0.000952405089646
0.000975589390013
0.000503095198975
0.00100059117043
0.000435002775634
0.000893502502119
0.00107752936632
0.0009207332349
0.00109107180362
0.000954486911882
0.000857016194777
0.000872815098629
0.000643902457867
0.000515246354778
0.000649905127584
0.000712614629006
0.000918678510572
0.00131964909794
0.000741471975694
0.000783307915394
0.000797117843824
0.00057851967212
0.00115813564554
0.00102970949576
0.00113119077472
0.000599467563541
0.00110258268824
0.00075601212294
0.000872974463236
0.000566184384239
0.000987770225423
0.000996111884323
0.00105324027005
0.000792113600903
0.000710482455337
0.000898593647672
0.000828225888059
0.000855588084788
0.000993534810649
0.00137755827529
0.000644993628617
0.000983027922101
0.00118464787533
0.000990549479803
0.000288035687134
0.000716820205737
0.000659450047155
0.00111250356847
0.000542358014552
0.0011042162675
0.00134421786577
0.000767071023273
0.00124474088898
0.000901758311581
0.000609100493213
0.000856868505448
0.000555931824873
0.000853912284921
0.000778563662289
0.00102535718591
0.00127694464262
0.00123633195487
0.000824323021641
0.000761953716165
0.0010091605709
0.00119864983648
0.000627792926845
0.00115966489517
0.000726349238892
0.000656068078609
0.00115662814737
0.000894433566433
0.000715586188492
0.00108324934367
0.000636224908584
0.000843650601181
0.00097503154384
0.000533078259736
0.000858816488373
0.000785755162525
0.000832478396874
0.000792475728933
0.000665240674384
0.000748248649773
0.00149725744043
0.000900442483276
0.000909083408487
0.00149115805425
0.00097866741964
0.00134414323597
0.000617455019373
0.00108609270386
0.00078276235182
0.00100042896824
0.000536179883731
0.00159664797118
0.000154224460097
0.000820489763649
0.000979346635124
0.000654821707352
0.0012248374307
0.000681345878615
0.00101758617656
0.000841001620646
0.001050949538
0.000938576134822
0.000771118786025
0.00117430170908
0.00101618126234
0.000972125381419
0.000799409313352
0.00106428799746
0.000935759811919
0.000993610061828
0.000854281690825
0.000530750199427
0.00176516112146
0.000626244298133
0.000692450275974
0.00038752603774
0.000760543089983
0.000682773884877
0.00121997647704
0.000733815655442
0.000242289162362
0.00152091814344
0.000534176587913
0.00131356949577
0.00126100955342
0.000586883704844
0.000396677323379
0.000243895585205
0.000608666422482
0.000835391560098
0.000877718467956
0.00122092773614
0.00144201966881
0.000871217112144
0.000444421991633
0.000750466058397
0.00115257960998
0.000826592648991
0.00064930232958
0.00105495116696
0.00085651229922
0.000897261529659
0.00147270114169
0.000829942036839
0.000856630351872
0.000664057846975
0.000997591167558
0.0014019849477
0.000781910575335
0.000566614176745
0.000484564536409
0.00124776971697
0.00113074593445
0.000646378493769
0.000601568227363
0.00043340680321
0.000977657164111
0.000292532901204
0.00102577140164
0.00031932346116
0.000727154982936
0.000964305961574
0.00106551296366
0.0010038188765
0.00104808068331
0.000781574175501
0.00112894035006
0.000730120068927
0.00103116405896
0.00088473115449
0.00100481338923
0.00104853660547
0.000687832749326
0.000932753146301
0.000711561469551
0.000649312644253
0.000656642239229
0.00117649576035
0.00107442609127
0.0011216337762
0.00121103013974
0.000411480501705
0.00084921066687
0.000890347041616
0.000730521669043
0.000778586147119
0.000787218715927
0.000878133426966
0.00133856653783
0.00108635557313
0.000996742008819
0.00100522993629
0.00106929831238
0.000812345897312
0.00088076094659
0.00102360494001
5.37608664111e-05
0.00100213607912
0.000654866659565
0.000652293111709
0.000857541667991
0.00124981185173
0.000744669583074
0.000378623354938
0.000608011174654
0.000854570151709
0.000763024065888
0.000933512152126
0.00089254005532
0.000838473614058
0.00106462296537
0.000862449929997
0.00107727276993
0.00115864583761
0.0010912548952
0.00103896259054
0.00108029453824
0.0010268541983
0.00144550058341
0.00107248070965
0.000990819664789
0.000807449650677
0.0010386219829
0.000800715527199
0.000831117384765
0.000568098591368
0.000905843187239
0.00105629429362
0.000606573609085
0.00107213482004
0.000995544990128
0.000821778947944
0.000980224216027
0.000461031195393
0.00141515741128
0.000275592815111
0.000854649052968
7.50591501643e-05
0.000935424145028
0.000846731741199
0.0010697232784
0.00135505527615
0.00103953746098
0.00134523484051
1.1147637724e-07
0.00152858752126
0.00113289282141
0.000303777160567
0.000725148810079
0.000226335768877
0.000426928110445
0.00101594719899
0.00153312491296
0.000660138706898
0.000809862347381
0.000449302450257
0.00107694928711
0.00140908899027
0.00103502111797
0.000902517737576
0.000225360779918
0.000512715498931
0.000830559486388
0.000827999154032
0.00075914714178
0.0010195988397
0.00108033146795
0.000784771463208
0.000833251110517
0.00107601551535
0.000960275131033
0.00111085475837
0.00115498698778
0.000891115922309
0.00100350187721
0.000864455631628
0.00124081988633
0.000930821678362
0.00105755104152
0.000885437755817
0.000531325481356
0.000780287150929
0.000204294690661
0.000918664211306
0.00125722695613
0.00108476447821
0.000940220374484
0.00098942777335
0.000919845003422
0.000842671782277
0.000852611886207
0.000927607754729
0.000819944577088
0.000244247089698
0.000260789361049
0.000728082213264
0.01
0.000828116093691
0.000853111990227
0.00079709700503
0.00068865201542
0.01
0.000715636808098
0.000828895440895
0.00103434007353
0.00100745172369
0.0011594923814
0.000749071365219
0.000334807578063
0.000950835914309
0.01
0.000715734949101
0.00108371291176
0.000684073012487
0.000754678630413
0.0008804820482
0.000833109742248
0.000821086547248
0.000575993669237
0.000701708462882
0.000751865376179
0.000665153737204
0.000340759730878
0.01
0.000667103599913
0.01
0.000830941542162
0.00086914006175
0.000700692974755
0.000882393569687
0.000658928669925
0.000748152871091
0.000777158946587
0.000948888588055
0.00062743572248
0.000614348906213
0.000718700438436
0.000784800091508
0.000908358706089
0.01
0.000410406209069
0.00100215743121
2.82696832337e-05
0.000632061337175
0.000787362479122
0.000496547605056
0.00119303677083
0.000596994890258
0.000619354359432
0.000803588487382
0.000401094784011
0.000512338361554
0.000473132374065
0.000620923676503
0.000373721828075
0.000496975364129
0.000313540238041
0.000592540683197
0.000591530704743
0.000361875285463
0.000596896218557
0.000602512320093
0.000479241396817
0.000371191417495
0.000366051541039
0.000321196415971
0.000440137991999
0.000568092570433
0.000280935104177
0.00035213444457
0.000492565353659
0.000515303724392
0.000498819484142
0.00034598727409
0.000407562024145
0.0004981996317
0.000594450569613
0.000238723587584
0.000249785613688
5.50125450187e-05
0.000357765338095
0.000801631760548
0.5
0.5
0.5
0.5
0.5
0.5
0.5
0.5
0.5
0.5
0.5
0.5
0.5
0.5
0.5
0.5
0.5
0.5
0.5
0.5
0.5
0.5
0.5
0.5
0.5
0.5
0.5
0.5
0.5
0.5
0.5
0.5
0.5
0.5
0.5
0.5
0.5
0.5
0.5
0.5
0.5
0.5
0.5
0.5
0.5
0.5
0.5
0.5
0.5
0.5
0.5
0.5
0.5
0.5
0.5
0.5
0.5
0.5
0.5
0.5
0.5
0.5
0.5
0.5
0.5
0.5
0.5
0.5
0.5
0.5
0.5
0.5
0.5
0.5
0.5
0.5
0.5
0.5
0.5
0.5
0.5
0.5
0.5
0.5
0.5
0.5
0.5
0.5
0.5
0.5
0.5
0.5
0.5
0.5
0.5
0.5
0.5
0.5
0.5
0.5
0.5
0.5
0.5
0.5
0.5
0.5
0.5
0.5
0.5
0.5
0.5
0.5
0.5
0.5
0.5
0.5
0.5
0.5
0.5
0.5
0.5
0.5
0.5
0.5
0.5
0.5
0.5
0.5
0.5
0.5
0.5
0.5
0.5
0.5
0.5
0.5
0.5
0.5
0.5
0.5
0.5
0.5
0.5
0.5
0.5
0.5
0.5
0.5
0.5
0.5
0.5
0.5
0.5
0.5
0.5
0.5
0.5
0.5
0.5
0.5
0.5
0.5
0.5
0.5
0.5
0.5
0.5
0.5
0.5
0.5
0.5
0.5
0.5
0.5
0.5
0.5
0.5
0.5
0.5
0.5
0.5
0.5
0.5
0.5
0.5
0.5
0.5
0.5
0.5
0.5
0.5
0.5
0.5
0.5
0.5
0.5
0.5
0.5
0.5
0.5
0.5
0.5
0.5
0.5
0.5
0.5
0.5
0.5
0.5
0.5
0.5
0.5
0.5
0.5
0.5
0.5
0.5
0.5
0.5
0.5
0.5
0.5
0.5
0.5
0.5
0.5
0.5
0.5
0.5
0.5
0.5
0.5
0.5
0.5
0.5
0.5
0.5
0.5
0.5
0.5
0.5
0.5
0.5
0.5
0.5
0.5
0.5
0.5
0.5
0.5
0.5
0.5
0.5
0.5
0.5
0.5
0.5
0.5
0.5
0.5
0.5
0.5
0.5
0.5
0.5
0.5
0.5
0.5
0.5
0.5
0.5
0.5
0.5
0.5
0.5
0.5
0.5
0.5
0.5
0.5
0.5
0.5
0.5
0.5
0.5
0.5
0.5
0.5
0.5
0.5
0.5
0.5
0.5
0.5
0.5
0.5
0.5
0.5
0.5
0.5
0.5
0.5
0.5
0.5
0.5
0.5
0.5
0.5
0.5
0.5
0.5
0.5
0.5
0.5
0.5
0.5
0.5
0.5
0.5
0.5
0.5
0.5
0.5
0.5
0.5
0.5
0.5
0.5
0.5
0.5
0.5
0.5
0.5
0.5
0.5
0.5
0.5
0.5
0.5
0.5
0.5
0.5
0.5
0.5
0.5
0.5
0.5
0.5
0.5
0.5
0.5
0.5
0.5
0.5
0.5
0.5
0.5
0.5
0.5
0.5
0.5
0.5
0.5
0.5
0.5
0.5
0.5
0.5
0.5
0.5
0.5
0.5
0.5
0.5
0.5
0.5
0.5
0.5
0.5
0.5
0.5
0.5
0.5
0.5
0.5
0.5
0.5
0.5
0.5
0.5
0.5
0.5
0.5
0.5
0.5
0.5
0.5
0.5
0.5
0.5
0.5
0.5
0.5
0.5
0.5
0.5
0.5
0.5
0.5
0.5
0.5
0.5
0.5
0.5
0.5
0.5
0.5
0.5
0.5
0.5
0.5
0.5
0.5
0.5
0.5
0.5
0.5
0.5
0.5
0.5
0.5
0.5
0.5
0.5
0.5
0.5
0.5
0.5
0.5
0.5
0.5
0.5
0.5
0.5
0.5
0.5
0.5
0.5
0.5
0.5
0.5
0.5
0.5
0.5
0.5
0.5
0.5
0.5
0.5
0.5
0.5
0.5
0.5
0.5
0.5
0.5
0.5
0.5
0.5
0.5
0.5
0.5
0.5
0.5
0.5
0.5
0.5
0.5
0.5
0.5
0.5
0.5
0.5
0.5
0.5
0.5
0.5
0.5
0.5
0.5
0.5
0.5
0.5
0.5
0.5
0.5
0.5
0.5
0.5
0.5
0.5
0.5
0.5
0.5
0.5
0.5
0.5
0.5
0.5
0.5
0.5
0.5
0.5
0.5
0.5
0.5
0.5
0.5
0.5
0.5
0.5
0.5
0.5
0.5
0.5
0.5
0.5
0.5
0.5
0.5
0.5
0.5
0.5
0.5
0.5
0.5
0.5
0.5
0.5
0.5
0.5
0.5
0.5
0.5
0.5
0.5
0.5
0.5
0.5
0.5
0.5
0.5
0.5
0.5
0.5
0.5
0.5
0.5
0.5
0.5
0.5
0.5
0.5
0.5
0.5
0.5
0.5
0.5
0.5
0.5
0.5
0.5
0.5
0.5
0.5
0.5
0.5
0.5
0.5
0.5
0.5
0.5
0.5
0.5
0.5
0.5
0.5
0.5
0.5
0
