0.0997087512126
0.0951068088489
0.500077736851
0.495475794487
0.391165100911
0.388097139335
0.492407832911
0.70409718164
0.684155431397
0.713301066367
0.394233062487
0.256174791577
1.03543703182
0.299126253638
0.928058376671
0.920388472731
0.701029220064
1.07838849388
0.958737992429
1.08145645546
1.07532053231
0.96487391558
1.03236907025
1.59227205783
0.385029177759
1.0891263594
0.693359316124
1.58920409625
1.0262331471
1.08605839782
0.113514578304
0.972543819519
0.678019508245
1.14741762934
1.12594189831
0.659611738791
1.10906810964
1.58613613467
1.99570900504
0.305262176789
2.0003109474
0.892776818549
0.975611781095
1.10600014807
1.15048559091
1.15355355249
1.13514578304
0.905048664853
1.7349322711
1.07225257073
0.546097160487
0.954136050065
0.901980703277
1.99264104346
1.72726236716
1.73186430952
1.14281568697
0.860563222004
0.552233083639
0.886640895398
0.897378760913
0.556835026002
0.828349625458
0.466330159517
0.644271930912
0.633534065397
0.731708835821
1.84537888783
1.10293218649
1.0507768397
0.475534044245
1.72419440558
2.00951483213
0.938796242186
1.13054384067
0.118116520667
1.01242732
0.311398099941
1.84231092625
1.15968947564
0.562970949154
0.559902987578
0.728640874246
0.837553510186
1.90980608092
1.60914584649
1.60454390413
1.52784486473
1.04617489734
0.411106851153
0.53689327576
1.7472041174
1.83310704152
1.42813611352
0.415708793517
1.06151470522
1.90213617698
1.26706813079
1.52324292237
0.56603891073
1.90673811934
1.91594200407
1.89600025383
0.543029198912
0.832951567822
1.42046620958
1.43273805589
0.823747683095
1.75180605977
0.997087512126
0.983281685035
0.987883627398
1.26400016922
1.06611664758
1.05691276285
0.509281621578
0.911184588004
0.513883563942
0.63813600776
1.71805848243
1.92207792722
1.42506815195
0.840621471761
1.40972834407
0.569106872306
1.61528176964
1.41433028643
1.18883511061
0.656543777215
1.2287186111
1.57693224995
1.53858273025
1.8867963691
1.96809735086
1.33149532388
1.00629139685
1.16429141801
0.124252443819
0.337475773335
1.61834973122
0.458660255578
1.22411666873
0.199417502425
0.573708814669
2.21046631534
1.26093220764
1.51864098001
0.424912678244
1.3928545554
0.740912720549
1.3545050357
0.944932165338
0.604388430427
2.20739835377
1.33456328546
0.628932123033
1.35143707413
0.66728164273
1.95889346613
0.263844695516
0.31906800388
1.31768949679
1.85765073413
0.42798063982
1.53551476867
1.21951472637
2.22120418086
0.624330180669
1.71038857849
2.22734010401
0.463262197941
1.18269918746
0.170271867455
2.22427214243
1.82850509916
0.816077779155
1.44194194061
0.648873873276
1.63062157752
2.0892818331
1.23638851504
2.13376727595
0.154932059576
2.1399031991
2.09234979468
2.02025269765
2.25188379662
1.23332055346
0.619728238306
1.51557301843
2.24881583504
2.09541775625
0.845223414125
1.79629150261
0.266912657092
1.7855536371
0.452524332426
1.32842736231
0.526155410245
1.48949534504
2.13069931437
1.79322354104
2.10001969862
2.25955370056
2.26262166213
0.408038889578
2.23501000795
1.38365067067
1.31308755443
1.62601963516
2.27489350843
1.77021382922
2.36079643256
1.70578663613
1.76100994449
0.521553467881
2.14450514146
1.27627201552
0.857495260428
0.343611696486
0.208621387152
1.76714586764
1.95122356219
0.803805932852
0.813009817579
1.47108757558
2.08621387152
0.273048580244
0.190213617698
2.49578674189
0.613592315154
0.581378718609
1.45421378692
0.779262240246
1.63829148146
2.53106830001
1.49869922976
1.44807786376
1.77481577158
0.852893318064
1.34376717019
0.809941856004
2.48811683795
1.56619438443
2.52800033844
1.56312642286
1.28087395788
2.02792260158
0.151864098001
2.08161192916
2.45436926062
1.12287393673
1.48489340267
1.19650501455
1.69965071298
2.8363304768
2.52339839607
0.234699060547
0.237767022122
2.35619449019
1.29621376576
2.83172853444
1.28854386182
1.64902934698
0.165669925092
2.74429162953
1.11827199437
1.8239031568
2.75196153347
1.80089344498
1.28547590025
2.27182554686
0.136524290122
0.366621408305
1.77941771395
0.141126232485
1.55392253813
2.04786435183
0.177941771395
0.782330201822
0.231631098971
1.47875747952
1.16889336037
1.30695163128
0.187145656122
1.29314580419
0.374291312244
0.242368964486
2.81178678419
0.349747619638
0.77619427867
2.1782527188
2.80871882262
2.51879645371
0.222427214243
0.653475815639
1.55852448049
1.68891284746
1.17656326431
1.20110695691
1.46341767164
2.30557312419
0.358951504365
1.86685461886
1.54778661498
2.80565086104
1.81930121443
0.768524374731
2.30097118183
0.219359252668
1.81469927207
2.55714597341
0.601320468851
0.791534086549
1.24712638055
2.60009743547
2.4052818754
1.46801961401
1.47568951795
0.796136028913
0.328271888608
0.756252528428
2.32398089365
1.87145656122
1.6459613854
2.39761197147
1.46034971007
2.42368964486
1.24405841898
2.38380614437
2.04326240946
1.6843109051
2.40067993304
2.5709518005
2.29330127789
2.06013619813
2.64304889753
2.31937895128
2.69213628274
2.54794208868
1.20570889928
2.57708772365
2.3930100291
2.05706823655
2.4190877025
0.00153398078789
2.91149553541
0.282252464971
1.66436915486
0.181009732971
2.91763145856
2.92069942013
2.90535961226
2.07547600601
0.013805827091
2.62617510886
0.589048622548
2.93297126644
0.067495154667
2.34392264389
2.70747609062
2.40988381777
2.78417513001
2.33778672074
2.8746799965
2.33471875916
1.37444678595
0.788466124973
2.72128191771
0.438718505335
2.77957318765
2.71821395613
0.0230097118183
0.0552233083639
0.753184566852
1.67357303958
1.36677688201
0.0460194236366
0.039883500485
3.12165090335
1.67970896273
3.04648584474
0.762388451579
1.65976721249
2.96978680535
2.11535950649
0.444854428487
3.09403924917
3.00200040189
2.99739845953
3.01887419056
3.07563147971
0.990951588974
0.981747704247
1.40819436328
1.42660213273
1.40666038249
0.984815665823
0.98634964661
0.989417608186
1.30541765049
0.992485569762
0.903514684065
0.900446722489
1.01856324316
0.99401955055
0.995553531338
1.01702926237
1.01549528158
1.01396130079
1.02009722394
1.39899047855
1.4312040751
1.01089333922
1.00935935843
1.00782537764
1.31462153522
1.40052445934
0.894310799337
1.40205844013
0.895844780125
1.00475741607
1.00322343528
1.40359242092
1.00168945449
1.4051264017
1.0001554737
0.998621492914
0.898912741701
1.02163120473
1.42967009431
0.93572828061
1.27780599631
0.926524395883
0.921922453519
1.30081570813
0.951068088489
1.02316518552
0.923456434307
0.949534107701
0.948000126913
1.31155357364
0.946466146125
0.924990415095
1.28700988104
1.29928172734
1.42200019037
1.29774774655
1.2793399771
1.41893222879
0.94339818455
0.941864203762
0.929592357459
0.940330222974
1.29007784261
0.931126338247
1.41586426722
1.41739824801
1.2916118234
0.932660319034
0.937262261398
0.934194299822
0.952602069277
0.955670030853
1.42353417116
1.30234968891
0.980213723459
0.978679742671
0.90658264564
0.977145761883
0.908116626428
0.909650607216
0.974077800307
1.41126232485
1.29467978498
0.971009838732
0.969475857944
0.967941877156
0.966407896368
1.31001959285
1.41279630564
0.963339934792
0.912718568792
0.91425254958
0.961805954004
0.915786530368
0.960271973216
0.917320511156
1.28240793867
0.957204011641
0.918854491943
1.28394191946
1.3038836697
1.22258268794
1.26553415001
1.02469916631
1.17349530273
1.34069920861
1.14895161013
1.33916522782
1.1520195717
1.24559239976
1.15508753328
1.15662151407
0.891242837762
1.15815549485
1.33763124704
1.16122345643
1.16275743722
1.16582539879
1.24252443819
1.16735937958
1.17042734116
1.17196132194
1.14588364855
1.14434966776
1.3422331894
1.34836911255
1.11673801358
1.24866036134
1.11980597516
1.12133995594
1.12440791752
1.34990309334
1.1274758791
1.12900985988
1.14128170619
1.34683513176
1.13207782146
1.13361180225
1.34530115098
1.13667976382
1.13821374461
1.1397477254
1.2409904574
1.17502928352
1.39745649776
1.23945647661
1.19957297613
1.22718463031
1.2026409377
1.20417491849
1.20724288007
1.20877686085
1.21031084164
1.32535940073
1.21184482243
1.32382541995
1.21337880322
1.21491278401
1.32229143916
1.21644676479
1.21798074558
1.22104870716
1.32075745837
1.19803899534
1.32689338152
1.31922347758
1.23178657267
1.23792249582
1.1780972451
1.17963122588
1.18116520667
1.33609726625
1.23485453425
1.18423316825
1.18576714904
1.3299613431
1.18730112982
1.23025259188
1.1903690914
1.19190307219
1.19343705298
1.33302930467
1.19497103376
1.11520403279
1.113670052
1.11213607122
1.11060209043
1.04924285891
1.38825261304
1.38671863225
1.05231082049
1.38518465146
1.05384480128
1.05537878207
1.22565064952
1.05844674364
1.31615551601
1.05998072443
1.38211668988
1.063048686
1.06458266679
1.3805827091
1.37904872831
1.06765062837
1.04770887813
1.38978659382
1.04464091655
1.03390305103
1.39592251698
1.02776712788
1.02930110867
1.03083508946
1.39438853619
1.27473803473
1.27320405395
1.27167007316
1.04310693576
1.03697101261
1.0385049934
1.39132057461
1.27013609237
1.04003897419
1.04157295497
1.26860211158
1.06918460916
1.07071858994
1.37751474752
1.09986422491
1.36064095885
1.09526228255
1.25479628449
1.09679626334
1.2532623037
1.09833024413
1.25172832291
1.35910697807
1.36217493964
1.1013982057
1.35757299728
1.10446616728
1.35603901649
1.35297105492
1.10753412885
1.25019434213
1.09372830176
1.36370892043
1.26246618843
1.08299043625
1.37598076673
1.07378655152
1.0768545131
1.37291280516
1.07992247467
1.25939822685
1.37137882437
1.25786424607
1.36524290122
1.08452441704
1.25633026528
1.36984484358
1.36831086279
1.08759237861
1.09066034019
1.09219432097
1.30848561207
3.1400586728
0.889708856974
0.316000042304
0.26844663788
0.269980618668
0.271514599456
0.274582561032
0.276116541819
0.277650522607
0.279184503395
0.280718484183
0.283786445759
0.285320426547
0.286854407335
0.288388388123
0.28992236891
0.291456349698
0.292990330486
0.294524311274
0.296058292062
0.29759227285
0.300660234426
0.302194215213
0.303728196001
0.306796157577
0.308330138365
0.309864119153
0.312932080729
0.265378676304
0.262310714728
0.260776733941
0.233165079759
0.211689348728
0.213223329516
0.214757310304
0.216291291092
0.21782527188
0.220893233456
0.223961195031
0.225495175819
0.227029156607
0.228563137395
0.230097118183
0.236233041334
0.259242753153
0.23930100291
0.240834983698
0.243902945274
0.245436926062
0.24697090685
0.248504887637
0.250038868425
0.251572849213
0.253106830001
0.254640810789
0.257708772365
0.314466061517
0.317534023092
0.429514620608
0.320601984668
0.375825293032
0.37735927382
0.378893254608
0.380427235396
0.381961216184
0.383495196971
0.386563158547
0.389631120123
0.392699081699
0.395767043274
0.397301024062
0.39883500485
0.400368985638
0.401902966426
0.403436947214
0.404970928002
0.40650490879
0.409572870365
0.412640831941
0.414174812729
0.417242774305
0.418776755093
0.420310735881
0.421844716669
0.423378697456
0.372757331456
0.371223350668
0.36968936988
0.342077715698
0.322135965456
0.323669946244
0.325203927032
0.32673790782
0.329805869395
0.331339850183
0.332873830971
0.334407811759
0.335941792547
0.339009754123
0.340543734911
0.345145677274
0.368155389093
0.346679658062
0.34821363885
0.351281600426
0.352815581214
0.354349562002
0.355883542789
0.357417523577
0.360485485153
0.362019465941
0.363553446729
0.365087427517
0.21015536794
0.207087406365
0.205553425577
0.204019444789
0.0521553467881
0.053689327576
0.0567572891518
0.0582912699397
0.0598252507275
0.0613592315154
0.0628932123033
0.0644271930912
0.0659611738791
0.0690291354549
0.0705631162427
0.0720970970306
0.0736310778185
0.0751650586064
0.0766990393943
0.0782330201822
0.0797670009701
0.0813009817579
0.0828349625458
0.0843689433337
0.0859029241216
0.0874369049095
0.0889708856974
0.0905048664853
0.0920388472731
0.0506213660002
0.0490873852123
0.0475534044245
0.0214757310304
0.00306796157577
0.00460194236366
0.00613592315154
0.00766990393943
0.00920388472731
0.0107378655152
0.0122718463031
0.0153398078789
0.0168737886667
0.0184077694546
0.0199417502425
0.0245436926062
0.0444854428487
0.0260776733941
0.0276116541819
0.0291456349698
0.0306796157577
0.0322135965456
0.0337475773335
0.0352815581214
0.0368155389093
0.0383495196971
0.0414174812729
0.0429514620608
0.093572828061
0.0966407896368
0.0981747704247
0.176407790607
0.156466040364
0.158000021152
0.15953400194
0.161067982728
0.162601963516
0.164135944304
0.16720390588
0.168737886667
0.171805848243
0.173339829031
0.174873809819
0.179475752183
0.150330117213
0.182543713758
0.184077694546
0.185611675334
0.18867963691
0.191747598486
0.193281579274
0.194815560061
0.196349540849
0.197883521637
0.200951483213
0.202485464001
0.153398078789
0.148796136425
0.101242732
0.122718463031
0.102776712788
0.104310693576
0.105844674364
0.107378655152
0.10891263594
0.110446616728
0.111980597516
0.115048559091
0.116582539879
0.119650501455
0.121184482243
0.125786424607
0.147262155637
0.127320405395
0.128854386182
0.13038836697
0.131922347758
0.133456328546
0.134990309334
0.13805827091
0.139592251698
0.142660213273
0.144194194061
0.145728174849
0.426446659032
0.431048601396
0.888174876186
0.771592336306
0.720970970306
0.722504951094
0.724038931882
0.72557291267
0.727106893458
0.730174855034
0.733242816609
0.734776797397
0.736310778185
0.737844758973
0.739378739761
0.742446701337
0.743980682125
0.745514662912
0.7470486437
0.748582624488
0.750116605276
0.751650586064
0.75471854764
0.757786509216
1.43427203667
0.760854470791
0.763922432367
0.765456413155
0.766990393943
0.719436989518
0.71790300873
0.716369027943
0.688757373761
0.668815623518
0.670349604306
0.671883585094
0.673417565882
0.67495154667
0.676485527458
0.679553489033
0.681087469821
0.682621450609
0.685689412185
0.687223392973
0.690291354549
0.714835047155
0.691825335336
0.694893296912
0.6964272777
0.697961258488
0.699495239276
0.702563200852
0.705631162427
0.707165143215
0.708699124003
0.710233104791
0.711767085579
0.770058355519
0.773126317094
0.432582582184
0.774660297882
0.842155452549
0.843689433337
0.846757394913
0.848291375701
0.849825356489
0.851359337277
0.854427298852
0.85596127964
0.859029241216
0.862097202792
0.86363118358
0.865165164368
0.866699145155
0.868233125943
0.869767106731
0.871301087519
0.872835068307
0.874369049095
0.875903029883
0.877437010671
0.878970991458
0.880504972246
0.882038953034
0.883572933822
0.88510691461
0.839087490973
0.836019529398
0.83448554861
0.802271952064
0.777728259458
0.780796221034
0.78386418261
0.785398163397
0.786932144185
0.790000105761
0.793068067337
0.794602048125
0.797670009701
0.799203990488
0.800737971276
0.80533991364
0.831417587034
0.806873894428
0.808407875216
0.811475836792
0.814543798367
0.817611759943
0.819145740731
0.820679721519
0.822213702307
0.825281663882
0.82681564467
0.829883606246
0.665747661942
0.664213681154
0.662679700367
0.661145719579
0.487805890548
0.489339871336
0.490873852123
0.493941813699
0.497009775275
0.498543756063
0.501611717639
0.503145698426
0.504679679214
0.506213660002
0.50774764079
0.510815602366
0.512349583154
0.51541754473
0.516951525517
0.518485506305
0.520019487093
0.523087448669
0.524621429457
0.527689391033
0.529223371821
0.530757352608
0.532291333396
-0.005378532727090043
-0.028906706150586776
0.017166154524943168
0.009046491162391285
0.006950690484183475
0.005729356343519596
-0.0025019220849266622
0.006637842007561267
-0.004819365415291588
0.004678077206857469
-0.006080251658760302
-0.0021903748708166056
-0.004643354388675063
0.0032842809523383337
-0.004158303140454202
0.002435024444121369
-0.0030410017551411343
-0.0033828698467935005
-0.0009466477062598853
0.004273907403190497
-0.0026424668189091944
0.003437251825290721
0.0036405330022938175
0.002335906078976416
-0.003610372011255994
-0.0015478568392088526
0.001372640744432864
-0.0035619984914970716
0.0021314263944515422
0.0031134794498095127
-0.0004925075718666353
0.003509130774162844
-0.0034311686350057178
0.0005887957530875923
-0.0003786085223644745
-0.00341043369048923
0.003329816828236818
0.000600232276498194
-0.0014820281829110945
-0.002945034874425928
0.001013150130262738
-0.0030320776346199844
0.0030296667099254165
-0.0010019135216338515
-0.002195688761997273
-0.002294100404486246
-0.0025966104038049245
0.0018071000166167879
-0.002208481494115943
-0.002129228784249765
-0.002876954289581801
-0.0010245541792879593
-0.002774226285516435
0.0011639099559770058
-0.002964176342012654
0.0003591561415813932
-0.0007497587073955474
-0.0027600557146447873
-0.0021228768158074647
-0.001880110335338084
0.000594254416587222
0.0027675050507238045
0.001527945412310596
-0.0022216196078320427
-0.0004779803884341248
-0.002642196705950387
-0.0002502693149988005
0.0026528889298979676
-0.001967837290402759
-0.0017228873620647764
0.00029891575843061363
-0.002555073192491099
-0.002135008501169082
0.001351817127395098
-0.0024248748377216946
-0.0006697874958669124
0.002110596982350109
0.0013286307531807805
-0.002483141114248554
0.00018750389946952826
0.0024394269254865565
6.995086136191457e-05
-0.001730049295294772
0.0017164038782789119
0.0016004757552129003
-0.0017938145520807211
-0.002206994720946252
0.0007949211358598629
0.00028254281383626443
0.002320492565789662
0.000436635859461966
0.0022892160601547637
-0.00218408883292937
0.0008108542158497147
-0.0008775027167481004
0.0021538694051790037
-0.0017766967688397797
-0.0014719836656868312
0.0015238607682938356
-0.0017001553123739196
-0.0015351118636699004
0.0016746527993775255
0.001171768423163702
0.0019059261516869877
-0.000908696939687467
0.0020081842096005506
0.0011630435481511684
0.0018689780766653421
-0.0004060009289242767
-0.002146992067367538
-0.00113709595003545
-0.0018431519704474248
-0.0006673318403295509
0.0020282866605361286
-0.0015408575326866804
-0.0014686515279709656
0.00024808321086553317
0.0021120701170500695
-0.0020866560130143224
-0.0003676165032735102
-0.0014590967173703602
0.0015025581078679678
0.0016610708115584517
0.0012641693459985444
-0.0005042229969758253
-0.0020234025535259053
-0.0006574789666280145
-0.001966090205164508
-0.0007173598093763758
-0.001928678068654423
0.0005816098074979763
-0.001958194190211768
0.0017401340740266207
0.0009087046951440721
-0.0017283760284719858
-0.0008836766338416043
-0.0018951671080176952
0.00016479750019749898
-0.0009039857750970911
0.0016689895409712056
-0.0018814617017423717
-0.00017768635812226479
0.00016056865089067706
-0.001875377462544816
0.0011999038871987496
-0.0014495396208807478
0.0018748129416988957
0.00013998888443136754
-0.0018669354284768789
0.000135547937114469
0.0004088820936606703
0.0018239763341545197
0.0006340348975400381
-0.001750897520982858
-0.0012855728628197612
0.001292313884321056
-0.0011456970925069851
-0.001400967503217914
0.001152071455191689
0.001380888796874653
0.0017778116237243263
0.000266899513262413
0.001530355716818694
0.0008820933379493764
0.0015390086010882967
0.0008499002375138142
-0.0015383894418259955
-0.0008189151977442803
-0.001396173548468176
-0.0010043088425731339
0.0011161178032169418
0.0012885192839803671
0.0008078710292322875
0.0014984032760247562
0.001679169792922021
0.00016996948764762076
-0.0013920217522872846
0.0009501960902804512
0.0011748485774062268
0.0012080380913562986
-0.0009215298031603796
-0.001404394630178506
-0.0015992285086027609
0.0004842126100412286
0.0005848536492140602
-0.0015463342977329185
0.0016246105603216782
0.00024744617198651576
0.0016024236010678732
0.00033876938106735627
0.0013457046375137268
0.0008789814827386085
1.633519351795478e-05
-0.0015960111327358768
0.0009459455686385732
-0.0012739431014848323
0.00132498003354258
0.0008371128753682109
0.0015617465196305954
9.235126463211804e-05
-0.0008312140335079783
-0.0013253444172523082
-0.0015234894838226612
0.0003429408269233908
0.0011502404996988768
-0.001019753927535809
-0.0014433007504533408
0.0005160465004762979
-0.0007345312700392447
-0.0013453068490309357
0.0006472253329366359
0.0013892583374119096
0.0013676717709073275
-0.0006798359154961362
0.001386716600420786
-0.0006313291666314318
-0.0012069370182778922
0.0009280177567778181
0.0010096857959112915
-0.0011265683478876595
0.0005837123150774218
-0.0013936800308624751
0.0005657326814133685
-0.0013967052857892389
0.001419128627892614
-0.0004666153221481071
0.0014574334285946742
-0.0002613924941517075
0.0001862362518707731
0.001463478052779439
0.00138963361252085
0.00047533430620286173
-0.0005337176369403837
0.0013569268780141187
0.0013692342058958958
-0.0004739900920308538
-3.464369464755768e-05
-0.0014438986581394168
0.0007065172981976102
-0.001247734349477782
-0.0010484987148162957
0.0009697454180756409
0.0012972937178297671
0.000565580983843554
-0.0013257961193688212
-0.0004816767759491141
-0.0010252844820928548
0.0009649118102064773
0.001398832738067052
-0.00014430815620327482
0.0012635605047788278
0.0005806379484966681
-0.0003356991283459544
0.0013442721328648722
0.0012796943066245548
0.0004493394177820806
0.0008479482868469395
-0.0010556407331318717
0.0013303992220945692
0.00021545350590715216
-0.0006960757913555353
-0.0011517966691008844
0.0006928530847874407
-0.0011525084923652601
0.0010401962734939271
0.0008048947350705269
0.0005553422446946207
0.0011851333937289298
5.788662682924176e-05
-0.0012855399761548714
0.0006695655397783322
-0.0010922326897501783
0.0011366591375997516
0.000590841428396381
0.0006287343486118951
0.0011138165699985676
0.0007069640758369443
0.0010633792921621059
0.0011982179868991441
0.00040958269469185485
-2.5800170466941917e-05
-0.0012569928032790847
0.0009623713707881212
0.0007902081438755733
0.0004648623282763785
-0.0011329840986619543
0.0011754429948319437
-0.0002667869657758652
-0.001198981151781675
6.682384414933174e-05
0.001190553914123902
-0.00010514896655016402
0.0006708564288625972
0.0009867659829835291
0.0005641480954694762
-0.0010504178950557393
-0.001177812442085342
-0.00013147136368447905
0.0011188307351292868
-0.0003694048302009343
-0.001127871909221589
-0.00030609422066836344
0.001098048540139953
-0.00036573047234666274
0.0011328752785368578
5.679960259887131e-05
-0.0011041492692365608
-0.00023313518893737005
2.75122145158364e-05
-0.0011279564334559329
0.0007847703847820358
-0.0008104701836995586
-0.000860446092559184
-0.0007268807341461783
-0.0009578408914424745
-0.0005925004552808743
-0.00029201472598535175
0.0010845097304901315
-0.0002689268405547769
-0.0010793658968894224
-0.0003228068764775137
0.0010478499849414752
0.0009128814500086381
-0.0005949009355718936
-0.0003796518386898337
0.0010130441170238197
0.0003414962510501372
-0.0010170613553623393
0.000576884741894848
-0.000898417990476544
0.00014533017779013108
0.0010575127598753881
-0.0008207154932978195
0.0006823642710721248
0.000830220327477961
-0.000664706221701672
0.0008143710758557866
-0.0006825070215054113
-0.0006434794921247103
0.0008352187608654619
-0.0005866021980978627
-0.0008757626408162475
0.00042838222531808195
0.000956266758188249
0.000563032918665157
-0.0008745745726448858
-0.000700726896592747
0.0007596847227662745
0.0009006135455910764
-0.0005031519515278194
4.7568127714514693e-05
-0.0010278761180341376
-0.0004950378851278587
-0.0008970108426008838
-0.0009473122517376232
-0.00038774899617580085
0.001003341844917135
-0.00019898822951236645
-2.0188923432249263e-05
-0.0010165555679332442
0.0009527409011278372
-0.0003182147183573541
-0.0009650434584477681
0.00026047676731044136
0.000998281217458878
-6.821926581107747e-06
-0.00029290204102382176
0.0009531227116202327
-0.0003015795297076197
-0.0009412428059741523
-0.00017052013251570285
-0.0009647733372220571
0.00022260984003839943
0.0009540767181868987
0.0009405601634830342
-0.0002675312840831388
0.0007371552656728732
-0.0006399500397488466
0.0002044471729599149
0.0009399766192688748
2.2408269263625956e-06
0.0009601155865633939
-0.0005248253915559507
-0.0008024496739730787
-0.0008040338333180397
0.0005073635931356656
0.0007473387881915316
0.0005867236534147898
-0.00023243385883538867
-0.0009203951246185746
5.776296018765556e-05
0.0009377641154470511
0.0009263940737949373
0.00010088592401672012
0.00035236996195443354
-0.0008605405089902704
0.0006625504117391295
-0.0006444882527599123
-0.0009163432848816737
3.834215448397812e-05
-0.0008740299928902427
-0.00024016006257674154
0.0005078960475291506
0.0007485121270568384
-0.000806678555891431
-0.0003997743835849627
0.0005553976971432096
0.0007074762299762213
0.0006233861058516656
0.0006427500494159626
0.0007849978269258396
0.0004222040983983143
-0.0002377077314941301
0.0008551772673025447
-0.0004750775641892766
-0.0007486133976613068
0.0008693367300685347
-0.0001554572598927182
0.0008767544256447642
-7.13399244102864e-05
0.0007970400066162068
0.0003699923160758544
-0.000368062658899571
0.0007910860196108087
4.5335617623835754e-05
0.0008658064842884694
0.0007473367916042124
-0.00043791325905128835
-0.0004187445324095204
0.0007552585988390969
0.0007548991023317423
-0.00040096372151919563
0.0004825903191602404
0.00070517806546553
-0.0007203298316208476
-0.00045721811211932425
-0.0004387068314905993
-0.0007316064002421954
0.0007774179304217235
-0.0003450121353065371
-0.0005973394326688514
0.0006047784417987294
-0.0003847770921564423
0.000747661622575056
-0.0006860097932026658
0.00047187362556534745
0.0008235061427873935
9.013830520168974e-05
0.0006182548393286522
-0.0005489608602425722
0.0005527902922862898
0.0006142638942906833
0.00025959268747214736
-0.0007802027161350722
0.00011100199954880774
-0.0007965376994997201
-0.0007017657518567932
-0.00038968830080292333
-0.0008004752781767231
-2.230009930000241e-05
0.000626906607401031
-0.000493023580488673
0.00025692886799525723
-0.0007506099317862386
-0.0007755256457583714
0.00014967671812629363
0.0006039146077928608
-0.0004984982353679557
0.0006936531864157789
-0.0003590361798151954
-0.0007307001884986251
0.00027518311559847705
-0.00026607733114838257
0.0007339980432446881
-0.00047923075160460384
-0.0006140844427499982
-0.00019943583132068455
0.0007516421553900671
0.00033383277018674435
-0.0007021462659498562
-0.00020926240998706588
-0.0007445802699682809
0.00046302407794632076
-0.0006175366017630581
-0.0005406472553591915
-0.000535084394819138
-0.00023487613486626358
-0.000713732503351021
-0.0007499602140925401
-2.3909940406780027e-05
-0.00027490382734223634
-0.0006953874094174943
-0.000727169598999501
0.0001632677057144981
-2.0715819445121764e-05
-0.0007443419982197698
0.0006910537201323009
0.0002771487507166687
0.0006520947985685547
-0.00035380666626766823
0.0005720098802240747
-0.0004698442711573372
-4.664060469661078e-05
-0.0007382392455265522
-0.00041278840243733945
-0.0006127752016712512
0.0005477974274894622
-0.0004911059676617464
0.0007304935732524874
-8.420145238000119e-05
-0.00033364315778377954
-0.0006393549797243655
-0.0005238488067735127
-0.00048641201680285455
0.000120643678457724
0.0006989775930101403
0.0002984446672246818
0.0006422687828021619
-0.00039177653533769435
0.0005726102178585277
0.0005878825939155591
0.00036442707330151954
-6.584933111150452e-05
-0.0006791483165527498
1.107112177081834e-06
0.000681932684876492
-5.946114823760374e-05
-0.0006770815665146684
0.0006459179123842469
-0.00020622667280723874
-0.00015355274331647868
0.0006584567110573783
0.00042443578305501766
0.0005188502418959863
0.0006232172786724187
-0.00024026064802676426
0.0005020733424420231
0.000438601780149973
0.0006589178479676784
8.954615379170374e-05
-0.0004694462592977584
0.00046471773004521505
0.0005833484031371194
0.00030739310276483813
0.0005297126803943206
0.0003882103518434553
2.3279110911346505e-05
-0.0006469085135996891
-0.00014382578321585744
0.0006266547887287923
0.0005816239427407746
0.00026434047974103374
-0.00012651057413982838
-0.0006179748266128894
0.0001688704543266683
-0.0006037446083929801
-0.0006238777577808189
-5.3627287357890867e-05
0.0005531490074757525
-0.00027335002634411125
-8.965043453973557e-05
0.0006088073424073729
0.00021109456495692477
-0.0005766835684431883
0.0005054195552819138
0.00034557563288159786
0.0006098933835563536
4.249983423983226e-05
0.00021378853985038504
-0.0005726266674060264
0.00026293055324156116
0.000543253131419566
-0.00019807157649466323
-0.0005683628707775427
0.00043773442182747194
0.00040084890480966516
0.0005853493795181431
-9.785731222646161e-05
0.00021962975977896017
-0.0005497158936554856
0.0005893685761969637
1.064826093395482e-05
-5.535586365307916e-05
-0.0005852183390034456
0.0005738824462061593
0.00012185937881189449
0.00010432003612747501
-0.0005708669858867514
-8.812944950068656e-06
0.0005793438999295855
0.0001731673341299178
0.0005408256183140687
-5.65609756935303e-05
-0.0005605584934432439
0.0005623824357529342
-9.088160658117769e-06
0.000364096116361433
0.0004262025012315171
0.0004536360069725307
-0.0003216394135714485
-0.0002571310300112159
0.0004912512310758944
0.00020514333365063
-0.0005142339411823202
0.00013575135698106714
-0.000536336985390661
6.199357490905394e-06
0.0005326063937152656
0.0002043749376402827
-0.0004905693682512135
0.00043796672359909235
0.0002990270727442926
0.0005182167874323411
-4.019262448367298e-05
0.0002609809289850766
0.00044675452591039184
0.00036472612092991414
-0.0003527406710834741
-0.00023926082473426014
0.0004431158840981626
0.0004050801180027473
0.0002935428080935629
0.0003672821173898725
0.0003389178776334414
0.0004849876566632888
2.760596182385715e-05
0.00027283718727760776
0.00040146359529256775
7.718611696704665e-05
-0.0004756572856170953
-0.00021057114545202738
-0.00041844336752447294
0.00040756061606188267
-0.00022501762706342762
-3.998441973021138e-05
0.00046360852115976715
0.00036235185539992614
-0.00028331014671561334
0.0003638381811625636
0.000277030863518525
-0.00024702583786024657
0.000383355395975371
0.0004365733830479391
-0.0001236971375894983
-0.00038873921138295176
-0.00022727179590949348
0.0001364316294065924
0.00042864216258400737
8.323761798853876e-05
-0.00043498386389742707
0.000433111044362085
-4.702807988876163e-05
-0.00015026475515947916
0.00040766916838440374
0.00023128450305828427
-0.0003643625891633826
0.00027729027593055
-0.0003180715619846269
0.00030870909271504777
0.0002843199143630781
0.00038411802288028016
-0.00016622505988557874
0.00032832351260169513
0.00025744841515547333
0.0004062599078598306
-8.278601306726247e-05
0.0003508676179096047
-0.00021980694241863823
0.0003440537380919237
-0.00022707732345781778
-0.000249211431081929
-0.00031877687845926366
-4.188744340028047e-05
0.00039559608073815554
-0.00022464963807234788
-0.0003269155311442927
-0.00032836398644506926
0.0002210271942995052
0.00017198641461984952
0.00035388109265016457
0.0002445089905045184
-0.0003074481608032839
0.00021510534874603926
-0.00031556513301116314
0.00035738293330270487
0.00010132376548279188
-0.0001412532382972806
-0.0003324042107654046
0.00033917617165119744
-8.95682122858195e-05
0.00021273090002567178
0.0002781965051500527
-2.7103255808994824e-05
0.0003477997889132755
0.00031887176210436543
-0.00012910731768869875
-8.391606382615949e-05
0.0003252139597648344
-0.00011001112938637816
-0.00031547568988636457
0.00010858265006561051
0.0003098729084594704
0.0001528126906201241
0.0002861085285768145
-0.00019299949182596799
0.0002391052924720541
0.00027866770992167
0.0001136436251544179
-0.00022946591650331198
-0.0001883593733070542
-0.00028658917804930226
7.200537663522598e-05
0.0002799332535832407
7.285515577225743e-05
0.00027640278547433713
5.844467031381384e-05
-0.00018856747122831022
0.0002063455901642898
-0.00026920007018392306
4.8211483869192696e-05
0.0002701825826265067
3.2526009908298526e-05
0.00017623089457717686
-0.00020009146849062672
-0.00015638518296493757
-0.00020984692233950232
-0.0002437184889599135
8.351129822659607e-05
-0.000254133087395964
4.1015681457187106e-05
-0.00021960027400302738
0.00012596911724483683
6.811898084400287e-05
-0.0002356722941111819
-0.00024081161191016244
-8.682874595065975e-06
-5.068384694266849e-05
-0.00023175900065176288
-0.000232784752502286
3.2989381281671416e-05
-1.0943189767968876e-05
-0.00023085787382032394
4.820983841110195e-05
-0.00022112469126032378
-0.00018910917193885245
0.00010504143230839237
-0.00011827592507467085
0.00016036882034329571
0.00018438362682602589
1.8720600541147095e-05
0.00013352984835397763
0.00012153464203072412
-0.0001282205586165681
0.00010599644932611854
-8.655054878379395e-05
0.00013967675232862858
-0.00014131513906119006
7.8911483475598e-05
-2.0119940922822894e-05
-0.00013243413355469732
2.339995916526979e-05
0.00012374271572523096
-9.781113643232524e-05
-7.480110964708589e-05
-0.00011967256636636697
2.181990159196324e-05
-0.00010493607277075771
-3.29162519422215e-05
9.660834725728768e-05
-1.6569511063718766e-05
-8.0823832816592e-05
-3.2737004128887467e-06
4.4760269695219037e-05
6.235219311877735e-05
7.6475038599272e-05
6.506037562238525e-06
-1.3415202868513891e-06
-6.701109388168805e-05
3.067996470013687e-05
-5.36297580726631e-05
-4.516226855830587e-05
1.3386269123828363e-05
1.7425812356813277e-05
4.373273677759192e-05
0.0
0.0
0.0
0.0
0.0
0.0
0.0
0.0
0.0
0.0
0.0
0.0
0.0
0.0
0.0
0.0
0.0
0.0
0.0
0.0
0.0
0.0
0.0
0.0
0.0
0.0
0.0
0.0
0.0
0.0
0.0
0.0
0.0
0.0
0.0
0.0
0.0
0.0
0.0
0.0
0.0
0.0
0.0
0.0
0.0
0.0
0.0
0.0
0.0
0.0
0.0
0.0
0.0
0.0
0.0
0.0
0.0
0.0
0.0
0.0
0.0
0.0
0.0
0.0
0.0
0.0
0.0
0.0
0.0
0.0
0.0
0.0
0.0
0.0
0.0
0.0
0.0
0.0
0.0
0.0
0.0
0.0
0.0
0.0
0.0
0.0
0.0
0.0
0.0
0.0
0.0
0.0
0.0
0.0
0.0
0.0
0.0
0.0
0.0
0.0
0.0
0.0
0.0
0.0
0.0
0.0
0.0
0.0
0.0
0.0
0.0
0.0
0.0
0.0
0.0
0.0
0.0
0.0
0.0
0.0
0.0
0.0
0.0
0.0
0.0
0.0
0.0
0.0
0.0
0.0
0.0
0.0
0.0
0.0
0.0
0.0
0.0
0.0
0.0
0.0
0.0
0.0
0.0
0.0
0.0
0.0
0.0
0.0
0.0
0.0
0.0
0.0
0.0
0.0
0.0
0.0
0.0
0.0
0.0
0.0
0.0
0.0
0.0
0.0
0.0
0.0
0.0
0.0
0.0
0.0
0.0
0.0
0.0
0.0
0.0
0.0
0.0
0.0
0.0
0.0
0.0
0.0
0.0
0.0
0.0
0.0
0.0
0.0
0.0
0.0
0.0
0.0
0.0
0.0
0.0
0.0
0.0
0.0
0.0
0.0
0.0
0.0
0.0
0.0
0.0
0.0
0.0
0.0
0.0
0.0
0.0
0.0
0.0
0.0
0.0
0.0
0.0
0.0
0.0
0.0
0.0
0.0
0.0
0.0
0.0
0.0
0.0
0.0
0.0
0.0
0.0
0.0
0.0
0.0
0.0
0.0
0.0
0.0
0.0
0.0
0.0
0.0
0.0
0.0
0.0
0.0
0.0
0.0
0.0
0.0
0.0
0.0
0.0
0.0
0.0
0.0
0.0
0.0
0.0
0.0
0.0
0.0
0.0
0.0
0.0
0.0
0.0
0.0
0.0
0.0
0.0
0.0
0.0
0.0
0.0
0.0
0.0
0.0
0.0
0.0
0.0
0.0
0.0
0.0
0.0
0.0
0.0
0.0
0.0
0.0
0.0
0.0
0.0
0.0
0.0
0.0
0.0
0.0
0.0
0.0
0.0
0.0
0.0
0.0
0.0
0.0
0.0
0.0
0.0
0.0
0.0
0.0
0.0
0.0
0.0
0.0
0.0
0.0
0.0
0.0
0.0
0.0
0.0
0.0
0.0
0.0
0.0
0.0
0.0
0.0
0.0
0.0
0.0
0.0
0.0
0.0
0.0
0.0
0.0
0.0
0.0
0.0
0.0
0.0
0.0
0.0
0.0
0.0
0.0
0.0
0.0
0.0
0.0
0.0
0.0
0.0
0.0
0.0
0.0
0.0
0.0
0.0
0.0
0.0
0.0
0.0
0.0
0.0
0.0
0.0
0.0
0.0
0.0
0.0
0.0
0.0
0.0
0.0
0.0
0.0
0.0
0.0
0.0
0.0
0.0
0.0
0.0
0.0
0.0
0.0
0.0
0.0
0.0
0.0
0.0
0.0
0.0
0.0
0.0
0.0
0.0
0.0
0.0
0.0
0.0
0.0
0.0
0.0
0.0
0.0
0.0
0.0
0.0
0.0
0.0
0.0
0.0
0.0
0.0
0.0
0.0
0.0
0.0
0.0
0.0
0.0
0.0
0.0
0.0
0.0
0.0
0.0
0.0
0.0
0.0
0.0
0.0
0.0
0.0
0.0
0.0
0.0
0.0
0.0
0.0
0.0
0.0
0.0
0.0
0.0
0.0
0.0
0.0
0.0
0.0
0.0
0.0
0.0
0.0
0.0
0.0
0.0
0.0
0.0
0.0
0.0
0.0
0.0
0.0
0.0
0.0
0.0
0.0
0.0
0.0
0.0
0.0
0.0
0.0
0.0
0.0
0.0
0.0
0.0
0.0
0.0
0.0
0.0
0.0
0.0
0.0
0.0
0.0
0.0
0.0
0.0
0.0
0.0
0.0
0.0
0.0
0.0
0.0
0.0
0.0
0.0
0.0
0.0
0.0
0.0
0.0
0.0
0.0
0.0
0.0
0.0
0.0
0.0
0.0
0.0
0.0
0.0
0.0
0.0
0.0
0.0
0.0
0.0
0.0
0.0
0.0
0.0
0.0
0.0
0.0
0.0
0.0
0.0
0.0
0.0
0.0
0.0
0.0
0.0
0.0
0.0
0.0
0.0
0.0
0.0
0.0
0.0
0.0
0.0
0.0
0.0
0.0
0.0
0.0
0.0
0.0
0.0
0.0
0.0
0.0
0.0
0.0
0.0
0.0
0.0
0.0
0.0
0.0
0.0
0.0
0.0
0.0
0.0
0.0
0.0
0.0
0.0
0.0
0.0
0.0
0.0
0.0
0.0
0.0
0.0
0.0
0.0
0.0
0.0
0.0
0.0
0.0
0.0
0.0
0.0
0.0
0.0
0.0
0.0
0.0
0.0
0.0
0.0
0.0
0.0
0.0
0.0
0.0
0.0
0.0
0.0
0.0
0.0
0.0
0.0
0.0
0.0
0.0
0.0
0.0
0.0
0.0
0.0
0.0
0.0
0.0
0.0
0.0
0.0
0.0
0.0
0.0
0.0
0.0
0.0
0.0
0.0
0.0
0.0
0.0
0.0
0.0
0.0
0.0
0.0
0.0
0.0
0.0
0.0
0.0
0.0
0.0
0.0
0.0
0.0
0.0
0.0
0.0
0.0
0.0
0.0
0.0
0.0
0.0
0.0
0.0
0.0
0.0
0.0
0.0
0.0
0.0
0.0
0.0
0.0
0.0
0.0
0.0
0.0
0.0
0.0
0.0
0.0
0.0
0.0
0.0
0.0
0.0
0.0
0.0
0.0
0.0
0.0
0.0
0.0
0.0
0.0
0.0
0.0
0.0
0.0
0.0
0.0
0.0
0.0
0.0
0.0
0.0
0.0
0.0
0.0
0.0
0.0
0.0
0.0
0.0
0.0
0.0
0.0
0.0
0.0
0.0
0.0
0.0
0.0
0.0
0.0
0.0
0.0
0.0
0.0
0.0
0.0
0.0
0.0
0.0
0.0
0.0
0.0
0.0
0.0
0.0
0.0
0.0
0.0
0.0
0.0
0.0
0.0
0.0
0.0
0.0
0.0
0.0
0.0
0.0
0.0
0.0
0.0
0.0
0.0
0.0
0.0
0.0
0.0
0.0
0.0
0.0
0.0
0.0
0.0
0.0
0.0
0.0
0.0
0.0
0.0
0.0
0.0
0.0
0.0
0.0
0.0
0.0
0.0
0.0
0.0
0.0
0.0
0.0
0.0
0.0
0.0
0.0
0.0
0.0
0.0
0.0
0.0
0.0
0.0
0.0
0.0
0.0
0.0
0.0
0.0
0.0
0.0
0.0
0.0
0.0
0.0
0.0
0.0
0.0
0.0
0.0
0.0
0.0
0.0
0.0
0.0
0.0
0.0
0.0
0.0
0.0
0.0
0.0
0.0
0.0
0.0
0.0
0.0
0.0
0.0
0.0
0.0
0.0
0.0
0.0
0.0
0.0
0.0
0.0
0.0
0.0
0.0
0.0
0.0
0.0
0.0
0.0
0.0
0.0
0.0
0.0
0.0
0.0
0.0
0.0
0.0
0.0
0.0
0.0
0.0
0.0
0.0
0.0
0.0
0.0
0.0
0.0
0.0
0.0
0.0
0.0
0.0
0.0
0.0
0.0
0.0
0.0
0.0
0.0
0.0
0.0
0.0
0.0
0.0
0.0
0.0
0.0
0.0
0.0
0.0
0.0
0.0
0.0
0.0
0.0
0.0
0.0
0.0
0.0
0.0
0.0
0.0
0.0
0.0
0.0
0.0
0.0
0.0
0.0
0.0
0.0
0.0
0.0
0.0
0.0
0.0
0.0
0.0
0.0
0.0
0.0
0.0
0.0
0.0
0.0
0.0
0.0
0.0
0.0
0.0
0.0
0.0
0.0
0.0
0.0
0.0
0.0
0.0
0.0
0.0
0.0
0.0
0.0
0.0
0.0
0.0
0.0
0.0
0.0
0.0
0.0
0.0
0.0
0.0
0.0
0.0
0.0
0.0
0.0
0.0
0.0
0.0
0.0
0.0
0.0
0.0
0.0
0.0
0.0
0.0
0.0
0.0
0.0
0.0
0.0
0.0
0.0
0.0
0.0
0.0
0.0
0.0
0.0
0.0
0.0
0.0
0.0
0.0
0.0
0.0
0.0
0.0
0.0
0.0
0.0
0.0
0.0
0.0
0.0
0.0
0.0
0.0
0.0
0.0
0.0
0.0
0.0
0.0
0.0
0.0
0.0
0.0
0.0
0.0
0.0
0.0
0.0
0.0
0.0
0.0
0.0
0.0
0.0
0.0
0.0
0.0
0.0
0.0
0.0
0.0
0.0
0.0
0.0
0.0
0.0
0.0
0.0
0.0
0.0
0.0
0.0
0.0
0.0
0.0
0.0
0.0
0.0
0.0
0.0
0.0
0.0
0.0
0.0
0.0
0.0
0.0
0.0
0.0
0.0
0.0
0.0
0.0
0.0
0.0
0.0
0.0
0.0
0.0
0.0
0.0
0.0
0.0
0.0
0.0
0.0
0.0
0.0
0.0
0.0
0.0
0.0
0.0
0.0
0.0
0.0
0.0
0.0
0.0
0.0
0.0
0.0
0.0
0.0
0.0
0.0
0.0
0.0
0.0
0.0
0.0
0.0
0.0
0.0
0.0
0.0
0.0
0.0
0.0
0.0
0.0
0.0
0.0
0.0
0.0
0.0
0.0
0.0
0.0
0.0
0.0
0.0
0.0
0.0
0.0
0.0
0.0
0.0
0.0
0.0
0.0
0.0
0.0
0.0
0.0
0.0
0.0
0.0
0.0
0.0
0.0
0.0
0.0
0.0
0.0
0.0
0.0
0.0
0.0
0.0
0.0
0.0
0.0
0.0
0.0
0.0
0.0
0.0
0.0
0.0
0.0
0.0
0.0
0.0
0.0
0.0
0.0
0.0
0.0
0.0
0.0
0.0
0.0
0.0
0.0
0.0
0.0
0.0
0.0
0.0
0.0
0.0
0.0
0.0
0.0
0.0
0.0
0.0
0.0
0.0
0.0
0.0
0.0
0.0
0.0
0.0
0.0
0.0
0.0
0.0
0.0
0.0
0.0
0.0
0.0
0.0
0.0
0.0
0.0
0.0
0.0
0.0
0.0
0.0
0.0
0.0
0.0
0.0
0.0
0.0
0.0
0.0
0.0
0.0
0.0
0.0
0.0
0.0
0.0
0.0
0.0
0.0
0.0
0.0
0.0
0.0
0.0
0.0
0.0
0.0
0.0
0.0
0.0
0.0
0.0
0.0
0.0
0.0
0.0
0.0
0.0
0.0
0.0
0.000957022353602
0.000879456353256
0.001663003099
0.000831756304396
0.000832653183077
0.00113322943923
0.000888525630166
0.00103758856912
0.000891878217863
0.00112803337473
0.000677716730132
0.000879368080627
0.00110634773306
0.0011685303498
0.0012250673154
0.00112425343511
0.000942168584107
0.00104381461093
0.00111988787472
0.001213350803
0.000898813940865
0.000956558763925
0.00108102045751
0.00150408189028
0.000935109288511
0.00131625699128
0.000901874622642
0.00110329623545
0.00105983825579
0.00148081757966
0.000818330702927
0.000920407856887
0.000941158746189
0.000776503243918
0.00123645720111
0.000689965559541
0.00125150181743
0.0013140114755
0.00127837992384
0.000777034508886
0.00177977293119
0.00114321760826
0.00115101274863
0.00103857777302
0.000924512591643
0.00117779590649
0.000836317772488
0.00101399084484
0.00150610548454
0.000858703356557
0.000794896582478
0.000847915763112
0.000957724375914
0.0013536892891
0.0014061857547
0.00120836741156
0.00109679861027
0.000913098341463
0.00100551986112
0.00118895841278
0.00122591024682
0.000822001572659
0.00121749559234
0.000981239052411
0.000829600697977
0.000803285183691
0.00100138411008
0.00136938723525
0.000750255520651
0.00118881700214
0.000773393875086
0.0013227365597
0.00144826955503
0.000905397781135
0.000779586223297
0.00115197544351
0.000926306502682
0.000716186347769
0.00133417672886
0.00120577043571
0.00104781602928
0.0010518198525
0.00105599334947
0.00120344614557
0.00153605223086
0.00111291443087
0.00138498236396
0.000994794458573
0.00104951627111
0.000699099030956
0.000953700294017
0.00133987486809
0.00162803474181
0.00131856268251
0.00107129713614
0.00095272782445
0.00147091529847
0.00128336055394
0.00137033514066
0.00107063311541
0.00153687046759
0.00139946722821
0.0013950446676
0.000978867852348
0.000968935545016
0.00109391470998
0.00130342809833
0.000777122715878
0.00148103926508
0.000846080754486
0.0012433006665
0.00079156056226
0.00124338650455
0.000814371210779
0.000816989594196
0.000788638793054
0.00101725751379
0.000880691663198
0.000898901434508
0.00112917230901
0.00135721333196
0.00101059763706
0.000750479595784
0.00108333855066
0.00102519401707
0.00131920379672
0.00117871601927
0.00116520329293
0.000685117708254
0.00106316272929
0.000993989563012
0.00105700863728
0.00139780740764
0.0018980219868
0.00100901078123
0.00080388897571
0.000861784031775
0.00106125870177
0.00103566387187
0.00150422488447
0.000802758289895
0.001043013222
0.00102477179531
0.0011765105789
0.0015530614544
0.000947207136766
0.0013750634836
0.00101873166544
0.00155081924132
0.000892767938741
0.0010952036885
0.00101464597405
0.00085404443059
0.00144063817666
0.00122896108619
0.000908549565976
0.00147808386319
0.000664113050776
0.00124215521158
0.000666159105679
0.000740273381087
0.00103187738491
0.00123977594884
0.000830430275521
0.000803374916607
0.00107249753063
0.00135388530556
0.000896625376432
0.00124112913656
0.00139535964418
0.000494513322797
0.00104496738071
0.000776786357342
0.0013357852675
0.0011733082952
0.000782345654072
0.000984409963082
0.000956243275457
0.00134971321347
0.00151493541983
0.000917795856906
0.00126968343403
0.00114051849932
0.00140201257372
0.00144940991064
0.00153042636741
0.00135879990398
0.00138653239089
0.000764972317428
0.00120888951688
0.00133401876873
0.0014519034442
0.00064219375187
0.001158731102
0.000807846458049
0.00103870082145
0.000696597942454
0.00100006468981
0.00091615572333
0.00127532102643
0.00138752744888
0.00117941847219
0.00142295628786
0.00147042737929
0.00136958445135
0.000919072691212
0.00136544730377
0.000923050385374
0.00113861616834
0.00118067186096
0.00156430653365
0.00138787231673
0.00143747738136
0.000998027570489
0.00109672157234
0.000762805199398
0.00136139900367
0.00105011205847
0.000635113141243
0.000954838929225
0.000885368521716
0.00114008869267
0.00152384084461
0.000800778994853
0.000878009596853
0.0010522483615
0.00136213529905
0.000975143442692
0.00122695094098
0.00164472929908
0.000767996679004
0.000813258462136
0.00107525355254
0.000955331425497
0.00103989441196
0.0013664019183
0.00120055260223
0.00120290465318
0.0011647537305
0.00071958778371
0.000808514168385
0.000634571929837
0.00152027597408
0.00111599366216
0.00134745689613
0.000905697218275
0.00080260920166
0.00124499453313
0.00111486469871
0.00125046643472
0.00171359977724
0.000706307079736
0.00119957095311
0.000797269299718
0.00106380263773
0.0015838844321
0.00169196404577
0.00082351773582
0.00115460484051
0.0018075988465
0.00088238197883
0.00188346159982
0.00115622973681
0.000958295970357
0.000755293021457
0.00148178063928
0.00060773293384
0.00122076708622
0.00152146024012
0.00132305153362
0.000815886951926
0.00165547490824
0.000993083239736
0.00069271615716
0.000949935609462
0.000836432395853
0.000880980697117
0.00122764254428
0.000761072951845
0.00101838782546
0.00111787144392
0.00132841591955
0.000787281857065
0.00091215614883
0.000714687778247
0.000836348834755
0.000617389881541
0.000695855134738
0.00167625066964
0.00106655569481
0.000697996211421
0.00178213647515
0.00180220026841
0.00140292054505
0.000896579129261
0.000492112494767
0.00138098892496
0.000869422776665
0.000695890950606
0.000799884434343
0.000953158595945
0.00140624261888
0.000578972685464
0.0011085312654
0.00108185468532
0.0014309606445
0.00113286051294
0.000631771327959
0.00129459085832
0.00100195492368
0.00136387507802
0.00132656311633
0.000645693991982
0.00089046659592
0.000782553297878
0.0015714055791
0.00149941211949
0.000825607412232
0.000798838338046
0.000843718729061
0.000780692341686
0.000816526434669
0.00120788495465
0.00154619175379
0.00082211957194
0.00157564061357
0.000761264065111
0.00181801940861
0.000818831635624
0.00136513220582
0.0011382821389
0.000800415689878
0.0018338439193
0.00173187478673
0.00142276753235
0.00120693416956
0.00149764005832
0.00151431767022
0.0013943967637
0.00154470419007
0.000746653563053
0.00143752629316
0.00143454187345
0.00114070425877
0.00128658340493
0.000316020821328
0.00136959895618
0.000785499388008
0.000815417800738
0.000620082158344
0.00155786562969
0.00145142001741
0.00158417002421
0.00130121301683
0.000718192570784
0.00125570518666
0.000869609152921
0.00134316558573
0.000637882112545
0.00125073614196
0.00128050759445
0.0011847104774
0.00147945287025
0.00128121137947
0.00128737324623
0.000945413092171
0.000714134074435
0.000601702012839
0.00130163911329
0.000475332982147
0.00142485469826
0.00116896355361
0.000539131945773
0.000589315179514
0.000443408644677
0.000712997696154
0.000524711367938
0.000518907855701
0.000601689953907
0.00120917205541
0.00064031683737
0.00106701204676
0.000589723076816
0.000534315534643
0.00133006933263
0.000748267456299
0.00052810088525
0.00109192597026
0.00113405045163
0.0010015419804
0.00111898450935
0.000868603822422
0.5
0.5
0.5
0.5
0.5
0.5
0.5
0.5
0.5
0.5
0.5
0.5
0.5
0.5
0.5
0.5
0.5
0.5
0.5
0.5
0.5
0.5
0.5
0.5
0.5
0.5
0.5
0.5
0.5
0.5
0.5
0.5
0.5
0.5
0.5
0.5
0.5
0.5
0.5
0.5
0.5
0.5
0.5
0.5
0.5
0.5
0.5
0.5
0.5
0.5
0.5
0.5
0.5
0.5
0.5
0.5
0.5
0.5
0.5
0.5
0.5
0.5
0.5
0.5
0.5
0.5
0.5
0.5
0.5
0.5
0.5
0.5
0.5
0.5
0.5
0.5
0.5
0.5
0.5
0.5
0.5
0.5
0.5
0.5
0.5
0.5
0.5
0.5
0.5
0.5
0.5
0.5
0.5
0.5
0.5
0.5
0.5
0.5
0.5
0.5
0.5
0.5
0.5
0.5
0.5
0.5
0.5
0.5
0.5
0.5
0.5
0.5
0.5
0.5
0.5
0.5
0.5
0.5
0.5
0.5
0.5
0.5
0.5
0.5
0.5
0.5
0.5
0.5
0.5
0.5
0.5
0.5
0.5
0.5
0.5
0.5
0.5
0.5
0.5
0.5
0.5
0.5
0.5
0.5
0.5
0.5
0.5
0.5
0.5
0.5
0.5
0.5
0.5
0.5
0.5
0.5
0.5
0.5
0.5
0.5
0.5
0.5
0.5
0.5
0.5
0.5
0.5
0.5
0.5
0.5
0.5
0.5
0.5
0.5
0.5
0.5
0.5
0.5
0.5
0.5
0.5
0.5
0.5
0.5
0.5
0.5
0.5
0.5
0.5
0.5
0.5
0.5
0.5
0.5
0.5
0.5
0.5
0.5
0.5
0.5
0.5
0.5
0.5
0.5
0.5
0.5
0.5
0.5
0.5
0.5
0.5
0.5
0.5
0.5
0.5
0.5
0.5
0.5
0.5
0.5
0.5
0.5
0.5
0.5
0.5
0.5
0.5
0.5
0.5
0.5
0.5
0.5
0.5
0.5
0.5
0.5
0.5
0.5
0.5
0.5
0.5
0.5
0.5
0.5
0.5
0.5
0.5
0.5
0.5
0.5
0.5
0.5
0.5
0.5
0.5
0.5
0.5
0.5
0.5
0.5
0.5
0.5
0.5
0.5
0.5
0.5
0.5
0.5
0.5
0.5
0.5
0.5
0.5
0.5
0.5
0.5
0.5
0.5
0.5
0.5
0.5
0.5
0.5
0.5
0.5
0.5
0.5
0.5
0.5
0.5
0.5
0.5
0.5
0.5
0.5
0.5
0.5
0.5
0.5
0.5
0.5
0.5
0.5
0.5
0.5
0.5
0.5
0.5
0.5
0.5
0.5
0.5
0.5
0.5
0.5
0.5
0.5
0.5
0.5
0.5
0.5
0.5
0.5
0.5
0.5
0.5
0.5
0.5
0.5
0.5
0.5
0.5
0.5
0.5
0.5
0.5
0.5
0.5
0.5
0.5
0.5
0.5
0.5
0.5
0.5
0.5
0.5
0.5
0.5
0.5
0.5
0.5
0.5
0.5
0.5
0.5
0.5
0.5
0.5
0.5
0.5
0.5
0.5
0.5
0.5
0.5
0.5
0.5
0.5
0.5
0.5
0.5
0.5
0.5
0.5
0.5
0.5
0.5
0.5
0.5
0.5
0.5
0.5
0.5
0.5
0.5
0.5
0.5
0.5
0.5
0.5
0.5
0.5
0.5
0.5
0.5
0.5
0.5
0.5
0.5
0.5
0.5
0.5
0.5
0.5
0.5
0.5
0.5
0.5
0.5
0.5
0.5
0.5
0.5
0.5
0.5
0.5
0.5
0.5
0.5
0.5
0.5
0.5
0.5
0.5
0.5
0.5
0.5
0.5
0.5
0.5
0.5
0.5
0.5
0.5
0.5
0.5
0.5
0.5
0.5
0.5
0.5
0.5
0.5
0.5
0.5
0.5
0.5
0.5
0.5
0.5
0.5
0.5
0.5
0.5
0.5
0.5
0.5
0.5
0.5
0.5
0.5
0.5
0.5
0.5
0.5
0.5
0.5
0.5
0.5
0.5
0.5
0.5
0.5
0.5
0.5
0.5
0.5
0.5
0.5
0.5
0.5
0.5
0.5
0.5
0.5
0.5
0.5
0.5
0.5
0.5
0.5
0.5
0.5
0.5
0.5
0.5
0.5
0.5
0.5
0.5
0.5
0.5
0.5
0.5
0.5
0.5
0.5
0.5
0.5
0.5
0.5
0.5
0.5
0.5
0.5
0.5
0.5
0.5
0.5
0.5
0.5
0.5
0.5
0.5
0.5
0.5
0.5
0.5
0.5
0.5
0.5
0.5
0.5
0.5
0.5
0.5
0.5
0.5
0.5
0.5
0.5
0.5
0.5
0.5
0.5
0.5
0.5
0.5
0.5
0.5
0.5
0.5
0.5
0.5
0.5
0.5
0.5
0.5
0.5
0.5
0.5
0.5
0.5
0.5
0.5
0.5
0.5
0.5
0.5
0.5
0.5
0.5
0.5
0.5
0.5
0.5
0.5
0.5
0.5
0.5
0.5
0.5
0.5
0.5
0.5
0.5
0.5
0.5
0.5
0.5
0.5
0.5
0.5
0.5
0.5
0.5
0.5
0.5
0.5
0.5
0.5
0.5
0.5
0.5
0.5
0.5
0.5
0.5
0.5
0.5
0.5
0.5
0.5
0.5
0.5
0.5
0.5
0.5
0.5
0.5
0.5
0.5
0.5
0.5
0.5
0.5
0.5
0.5
0.5
0.5
0.5
0
