0.0644271930912
0.461728217154
0.276116541819
0.282252464971
0.372757331456
0.443320447699
0.553767064427
0.530757352608
0.605922411215
0.466330159517
0.671883585094
0.918854491943
1.02163120473
0.205553425577
0.165669925092
0.619728238306
0.0797670009701
0.474000063457
1.0262331471
1.11980597516
0.562970949154
0.288388388123
0.770058355519
0.61666027673
1.11520403279
0.785398163397
0.470932101881
0.661145719579
1.09679626334
0.897378760913
1.08759237861
0.757786509216
0.63813600776
0.395767043274
1.81316529128
0.134990309334
0.292990330486
0.668815623518
0.547631141275
0.664213681154
0.303728196001
0.400368985638
0.655009796427
0.535359294972
0.762388451579
0.946466146125
0.929592357459
0.900446722489
1.81623325286
0.613592315154
0.569106872306
1.81009732971
0.790000105761
0.454058313214
1.14588364855
0.573708814669
1.80549538734
0.934194299822
0.678019508245
1.18576714904
0.417242774305
1.86685461886
0.978679742671
0.29759227285
1.08452441704
1.1780972451
0.766990393943
1.10906810964
0.889708856974
1.03236907025
1.25172832291
1.86378665728
1.14895161013
1.14281568697
1.18269918746
0.403436947214
1.01702926237
0.681087469821
0.793068067337
0.846757394913
1.49716524898
1.04003897419
1.64902934698
1.83003907995
1.16735937958
1.03697101261
0.434116562972
1.09219432097
1.24405841898
0.852893318064
0.954136050065
1.16429141801
1.48949534504
0.75471854764
0.42798063982
0.259242753153
0.578310757033
1.04310693576
0.894310799337
0.644271930912
0.733242816609
1.04924285891
0.849825356489
0.256174791577
0.423378697456
1.15355355249
0.736310778185
0.803805932852
0.82681564467
1.65209730855
0.782330201822
0.843689433337
1.82236917601
0.093572828061
1.19497103376
0.938796242186
1.6459613854
1.65976721249
0.412640831941
0.541495218124
1.84537888783
1.62755361595
1.35603901649
0.882038953034
0.309864119153
1.2409904574
0.832951567822
0.869767106731
0.196349540849
1.84998083019
1.84231092625
0.750116605276
0.0905048664853
1.13054384067
1.8867963691
1.65669925092
1.24866036134
1.63675750067
1.35910697807
1.21031084164
1.70271867455
1.53398078789
0.253106830001
0.823747683095
1.07992247467
0.799203990488
0.518485506305
0.153398078789
1.2793399771
1.89446627304
1.79629150261
0.86363118358
1.20570889928
1.6214176928
0.483203948184
1.71959246322
0.837553510186
1.71345654007
0.98634964661
0.357417523577
1.26860211158
0.250038868425
1.06765062837
0.961805954004
1.23792249582
1.05844674364
1.21491278401
0.739378739761
0.316000042304
1.96042744692
2.42829158722
0.590582603336
1.05384480128
0.584446680184
1.33916522782
1.20110695691
0.859029241216
1.07378655152
1.3422331894
1.1397477254
2.43596149116
0.383495196971
1.3928545554
2.50959256898
1.71038857849
1.90213617698
0.707165143215
1.36217493964
1.66436915486
1.41739824801
1.37291280516
1.44654388298
2.24881583504
1.26553415001
0.331339850183
1.27473803473
1.95735948534
0.808407875216
2.24574787346
1.87605850358
1.73646625189
1.46188369086
0.342077715698
1.32075745837
2.51572849213
0.728640874246
1.33149532388
1.17502928352
1.73339829031
1.91594200407
0.184077694546
1.6076118657
2.50499062662
2.23347602716
1.40205844013
1.56005846128
2.09388377546
1.9880391011
0.724038931882
0.694893296912
2.12149542965
1.16122345643
1.33456328546
1.52784486473
0.874369049095
2.23807796953
2.49885470347
1.98190317795
1.28854386182
2.5326022808
2.53567024237
1.46801961401
2.12916533359
0.745514662912
2.52646635765
2.52186441528
2.05553425577
0.510815602366
2.53873820395
2.42062168328
1.35143707413
0.710233104791
2.0509323134
0.181009732971
0.190213617698
1.47415553716
2.54640810789
2.23040806559
1.96809735086
1.5953400194
2.21353427692
0.110446616728
1.50330117213
1.45267980613
0.493941813699
0.811475836792
1.93128181195
0.958737992429
1.59994196176
1.61374778886
2.09695173704
2.33625273995
1.54011671104
2.22580612322
1.91134006171
0.625864161457
2.35005856704
2.34699060547
1.42813611352
2.55867995419
1.34683513176
0.684155431397
2.34392264389
1.48029146031
2.54334014631
2.55561199262
2.48658285716
1.97423327401
2.10308766019
2.35619449019
0.363553446729
1.67817498195
2.07854396759
1.55238855734
1.45728174849
2.20586437298
1.60454390413
1.40819436328
1.99724298583
0.713301066367
2.07087406365
2.55101005025
1.41433028643
1.51710699922
2.41295177934
1.10446616728
1.28547590025
2.28869933553
2.31937895128
2.15064106462
0.816077779155
1.23025259188
2.07547600601
1.77634975237
2.04172842868
2.03405852474
1.13514578304
2.33318477837
0.687223392973
0.70409718164
1.74873809819
2.29483525868
2.22120418086
0.125786424607
2.32858283601
2.26722360449
1.51250505686
2.25955370056
2.34085468231
2.2917672971
1.58153419231
0.351281600426
1.31615551601
1.78708761789
2.26415564292
2.28256341237
1.26093220764
2.32398089365
1.58767011546
2.09081581389
2.56634985813
0.0414174812729
1.68584488589
1.58460215389
2.36693235571
0.489339871336
2.08467989074
1.94048569668
2.19359252668
1.06458266679
2.18438864195
1.7732817908
0.0383495196971
2.19819446904
1.54625263419
2.08161192916
1.9374177351
2.5709518005
1.30848561207
1.75794198292
1.22411666873
2.56328189656
0.908116626428
2.63691297438
0.480135986608
2.62770908965
0.177941771395
1.32689338152
2.30097118183
2.6338450128
0.225495175819
2.27796147001
1.00475741607
2.18899058431
2.31631098971
1.69198080904
1.67510702037
0.0260776733941
1.52170894158
0.121184482243
2.61083530098
1.38365067067
1.56926234601
1.57693224995
2.60776733941
0.71790300873
2.16904883407
2.02945658237
2.06627212128
0.504679679214
2.15831096856
2.64304889753
2.3930100291
2.17671873801
2.60316539704
1.43427203667
1.37904872831
0.233165079759
0.0214757310304
2.46050518377
1.00168945449
0.242368964486
2.02025269765
0.220893233456
2.27335952765
1.42506815195
2.14757310304
1.78248567552
2.74889357189
2.16444689171
0.500077736851
0.101242732
2.39914595225
2.61850520492
0.0168737886667
1.30234968891
0.997087512126
2.38994206753
2.30864108577
2.74582561032
1.76407790607
2.01718473607
2.75656347583
2.45743722219
2.95291301668
1.29621376576
3.0004664211
0.00920388472731
0.0352815581214
2.38534012516
2.14143717989
2.99739845953
2.02485464001
1.68277692431
2.86240815019
2.78417513001
2.76423337977
2.79031105316
2.97132078613
2.37767022122
2.96211690141
2.9881945748
2.79644697632
2.98359263244
2.81485474577
2.77803920686
0.237767022122
2.84246639995
2.9375732088
2.96671884377
3.00660234426
2.9759227285
2.94064117038
2.81178678419
2.91456349698
2.90842757383
2.87774795807
2.80718484183
2.85934018862
2.72434987928
2.87007805413
2.38227216359
1.94815560061
2.58629160838
2.93297126644
2.71821395613
2.89615572753
2.80411688025
2.4697090685
2.70440812904
2.90075766989
3.0388159408
3.07102953735
2.82866057286
2.8869518428
3.09864119153
2.69980618668
2.66605860935
3.03574797923
3.03268001765
3.07563147971
3.06796157577
3.02501011371
3.06182565262
2.89155378516
2.59242753153
3.09557322995
2.68139841722
2.8240586305
3.11704896098
3.13545673044
3.11091303783
3.05415574868
3.13085478807
2.67526249407
3.12625284571
2.69213628274
3.08790332601
3.01734020977
3.08483536444
2.68906832116
1.28240793867
1.35757299728
1.25939822685
1.26246618843
1.29467978498
0.944932165338
1.29314580419
1.26400016922
1.2916118234
0.94339818455
0.941864203762
0.924990415095
1.26706813079
0.940330222974
1.27013609237
1.27167007316
1.28394191946
1.27320405395
1.36064095885
1.27627201552
1.29007784261
0.937262261398
0.862097202792
0.926524395883
1.28700988104
0.93572828061
0.928058376671
1.28087395788
0.932660319034
0.860563222004
0.931126338247
1.27780599631
0.915786530368
0.923456434307
0.892776818549
0.903514684065
1.31155357364
0.901980703277
0.878970991458
1.31308755443
1.34376717019
0.898912741701
1.31462153522
1.31768949679
0.895844780125
1.31922347758
1.32229143916
0.891242837762
1.3545050357
1.32382541995
1.32535940073
0.880504972246
0.888174876186
1.34069920861
1.32842736231
1.3299613431
0.886640895398
1.33302930467
0.88510691461
1.33609726625
0.883572933822
0.905048664853
0.90658264564
1.31001959285
0.948000126913
0.921922453519
0.865165164368
0.920388472731
1.29774774655
0.866699145155
1.35297105492
0.917320511156
0.868233125943
1.33763124704
0.91425254958
0.871301087519
1.29928172734
0.872835068307
0.912718568792
1.34990309334
1.30081570813
0.911184588004
1.34836911255
0.875903029883
1.3038836697
1.34530115098
0.877437010671
0.909650607216
1.30541765049
1.30695163128
1.25786424607
1.0891263594
1.25633026528
1.02316518552
1.15508753328
1.04157295497
1.1520195717
1.04464091655
1.15048559091
1.04617489734
1.04770887813
1.0507768397
1.05231082049
1.14741762934
1.14434966776
1.05537878207
1.05691276285
1.14128170619
1.05998072443
1.15662151407
1.0385049934
1.15815549485
1.17042734116
1.17963122588
1.02469916631
1.17656326431
1.17349530273
1.17196132194
1.02776712788
1.16889336037
1.15968947564
1.02930110867
1.16582539879
1.03083508946
1.16275743722
1.03390305103
1.03543703182
1.06151470522
1.13821374461
1.063048686
1.1013982057
1.0768545131
1.07838849388
1.10753412885
1.10600014807
1.10293218649
1.08145645546
1.08299043625
1.07532053231
1.09986422491
1.09833024413
0.857495260428
1.08605839782
1.09526228255
1.09372830176
1.11060209043
1.11213607122
1.13667976382
1.06918460916
1.13361180225
1.06611664758
1.13207782146
1.12900985988
1.1274758791
1.12594189831
1.12440791752
1.113670052
1.07071858994
1.12287393673
1.07225257073
1.12133995594
1.11827199437
1.11673801358
1.18116520667
1.02009722394
0.949534107701
1.18423316825
0.96487391558
1.09066034019
1.22718463031
1.22565064952
0.967941877156
0.969475857944
0.971009838732
0.972543819519
0.974077800307
0.975611781095
1.22258268794
1.22104870716
0.977145761883
1.21951472637
1.21798074558
1.2287186111
0.963339934792
1.23178657267
1.24559239976
1.25479628449
0.951068088489
1.2532623037
0.952602069277
1.25019434213
1.24712638055
0.955670030853
1.23332055346
0.957204011641
1.24252443819
1.23945647661
0.960271973216
1.23638851504
1.23485453425
0.980213723459
0.981747704247
1.21644676479
1.01242732
1.00322343528
1.00629139685
1.00782537764
1.19343705298
1.00935935843
1.01089333922
1.19190307219
1.0001554737
1.01396130079
1.01549528158
1.1903690914
1.01856324316
1.18883511061
1.18730112982
1.19650501455
0.998621492914
0.983281685035
1.20417491849
1.21337880322
0.984815665823
1.21184482243
1.20877686085
1.20724288007
0.987883627398
0.989417608186
1.19803899534
1.2026409377
0.990951588974
0.992485569762
0.99401955055
0.995553531338
1.19957297613
0.966407896368
0.685689412185
0.85596127964
0.248504887637
0.254640810789
0.257708772365
0.260776733941
0.262310714728
0.263844695516
0.265378676304
0.266912657092
0.26844663788
0.269980618668
0.271514599456
0.273048580244
0.274582561032
0.277650522607
0.279184503395
0.280718484183
0.283786445759
0.285320426547
0.286854407335
0.28992236891
0.291456349698
0.294524311274
0.296058292062
0.299126253638
0.251572849213
0.24697090685
0.197883521637
0.245436926062
0.200951483213
0.202485464001
0.204019444789
0.207087406365
0.208621387152
0.21015536794
0.211689348728
0.213223329516
0.214757310304
0.216291291092
0.21782527188
0.219359252668
0.222427214243
0.223961195031
0.227029156607
0.228563137395
0.230097118183
0.231631098971
0.234699060547
0.236233041334
0.23930100291
0.240834983698
0.243902945274
0.300660234426
0.302194215213
0.305262176789
0.306796157577
0.355883542789
0.358951504365
0.360485485153
0.362019465941
0.365087427517
0.366621408305
0.368155389093
0.36968936988
0.371223350668
0.374291312244
0.375825293032
0.37735927382
0.378893254608
0.380427235396
0.381961216184
0.385029177759
0.386563158547
0.388097139335
0.389631120123
0.391165100911
0.392699081699
0.394233062487
0.397301024062
0.354349562002
0.352815581214
0.349747619638
0.32673790782
0.308330138365
0.311398099941
0.312932080729
0.314466061517
0.317534023092
0.31906800388
0.320601984668
0.322135965456
0.323669946244
0.325203927032
0.328271888608
0.34821363885
0.329805869395
0.332873830971
0.334407811759
0.335941792547
0.337475773335
0.339009754123
0.340543734911
0.343611696486
0.345145677274
0.346679658062
0.199417502425
0.194815560061
0.401902966426
0.0506213660002
0.053689327576
0.0552233083639
0.0567572891518
0.0582912699397
0.0598252507275
0.0613592315154
0.0628932123033
0.0659611738791
0.067495154667
0.0690291354549
0.0705631162427
0.0720970970306
0.0736310778185
0.0751650586064
0.0766990393943
0.0782330201822
0.0813009817579
0.0828349625458
0.0843689433337
0.0859029241216
0.0874369049095
0.0889708856974
0.0920388472731
0.0521553467881
0.0490873852123
0.193281579274
0.0475534044245
0.00153398078789
0.00306796157577
0.00460194236366
0.00613592315154
0.00766990393943
0.0107378655152
0.0122718463031
0.013805827091
0.0153398078789
0.0184077694546
0.0199417502425
0.0230097118183
0.0245436926062
0.0276116541819
0.0291456349698
0.0306796157577
0.0322135965456
0.0337475773335
0.0368155389093
0.039883500485
0.0429514620608
0.0444854428487
0.0460194236366
0.0951068088489
0.0966407896368
0.0981747704247
0.0997087512126
0.148796136425
0.150330117213
0.151864098001
0.154932059576
0.156466040364
0.158000021152
0.15953400194
0.161067982728
0.162601963516
0.164135944304
0.16720390588
0.168737886667
0.170271867455
0.171805848243
0.173339829031
0.174873809819
0.176407790607
0.179475752183
0.182543713758
0.185611675334
0.187145656122
0.18867963691
0.191747598486
0.147262155637
0.145728174849
0.144194194061
0.119650501455
0.102776712788
0.104310693576
0.105844674364
0.107378655152
0.10891263594
0.111980597516
0.113514578304
0.115048559091
0.116582539879
0.118116520667
0.122718463031
0.142660213273
0.124252443819
0.127320405395
0.128854386182
0.13038836697
0.131922347758
0.133456328546
0.136524290122
0.13805827091
0.139592251698
0.141126232485
0.39883500485
0.404970928002
0.854427298852
0.67495154667
0.679553489033
0.682621450609
1.36524290122
0.688757373761
0.690291354549
0.691825335336
0.693359316124
0.6964272777
0.697961258488
0.699495239276
0.701029220064
0.702563200852
0.705631162427
0.708699124003
0.711767085579
0.714835047155
0.716369027943
0.719436989518
0.720970970306
0.722504951094
0.72557291267
0.727106893458
0.730174855034
0.676485527458
0.673417565882
0.621262219094
0.670349604306
0.624330180669
0.627398142245
0.628932123033
0.630466103821
0.632000084609
0.633534065397
0.635068046185
0.636602026973
0.639669988548
0.641203969336
0.642737950124
0.6458059117
0.647339892488
0.648873873276
0.650407854064
0.651941834851
0.653475815639
0.656543777215
0.658077758003
0.659611738791
0.662679700367
0.665747661942
0.66728164273
0.731708835821
0.734776797397
0.737844758973
0.740912720549
0.800737971276
0.802271952064
0.80533991364
0.806873894428
0.809941856004
0.813009817579
0.814543798367
0.817611759943
0.819145740731
0.820679721519
0.822213702307
0.825281663882
0.828349625458
0.829883606246
0.831417587034
0.83448554861
0.836019529398
0.839087490973
0.840621471761
0.842155452549
0.845223414125
0.848291375701
0.851359337277
0.797670009701
0.796136028913
0.021195684090504423
0.01604764801220978
-0.009358476925877185
-0.005586741015675897
0.0016650339527756073
-0.008949472886455891
-0.0077717192487620785
0.002917928244563029
0.003905317426653479
0.0066314075355404685
0.004497242190349159
-0.0032078946434374745
-0.0048032105565277965
0.001892901758187638
-0.004660782107167476
0.0015394546688196832
0.00013212661191605444
0.004662001419674951
-0.0019450423333749753
0.004204798078781782
-0.0027522429664032086
-0.002972424060942329
0.003587669479474645
0.0017239287762134512
0.0020856074679036535
0.003329846074645422
0.003443311088758881
-0.0013605778598921791
0.003008009315128432
-0.0015805531695839222
0.0008189695432539648
-0.0030058556207706168
0.001243457217756097
0.0027644573723855912
7.451895200501088e-05
0.0029508080182729904
0.002512085677842021
0.0013660680147116935
0.0007572992177217711
0.002705505889724856
0.002374895375095447
0.0014915436030398198
9.424661151197672e-05
0.0028009047923988695
-0.0022734753420862314
0.0016299886129525767
-0.0008938417334939297
-0.002582299128207696
0.0005945803768527544
0.002616884445571149
-0.0008981870093585174
0.0025229814166647727
-6.097552099131487e-06
0.002670796302986611
0.0018995838079640304
-0.0018228904006212766
-0.0026197244323953937
8.019188854300292e-05
0.00030747439646867524
0.0025426037959245125
-0.0022057945679917227
-0.0012904602677560385
-0.0012322531949545224
-0.002230470688421217
-0.0007329502658416628
0.0024277406546355375
-0.0013133779417715489
0.002166465224163399
0.0023618472616989215
0.0007603097067390348
-0.00036393071117756437
-0.0024016476529560684
0.0005678392989149931
0.002360099600130246
0.000597080569052208
-0.0022933255974033214
-0.0021770765745780726
-0.0007668742511786902
0.0016165699502467513
-0.0016392249678258666
0.0014228020803303898
0.001752081459247021
0.001583993955741522
-0.0015906014314264602
0.0018402340659695146
0.0012405840491886574
0.0008373415553017933
-0.0020510990430465817
-0.0020114794518830926
-0.0008428272360938988
-0.001124543922477651
-0.0018477393795663113
-0.0003374568079967666
-0.0021303824174193553
0.0017764916359859092
0.0012053552820996192
0.0021266435308847716
-0.00018069713560682152
0.0014553591468031216
-0.001552548080071175
0.0020766845126034515
0.0002248070126278637
0.0015446650543151327
0.00139896140573849
0.0008001216290082656
0.001922579130531256
0.0010905561365468811
-0.0017710171997198801
0.002026224797283348
0.00023298303102352875
0.0020245519415259985
0.00018064082934418456
0.0006717768350523862
0.0019162088439545104
-0.0007816554706635753
-0.0018578809853403077
0.0015137507447182236
-0.0013228041672468807
0.0017619327294007524
-0.0009346945965789993
0.001972148953973534
-0.0002734497556511671
-0.0018085717989118472
-0.0007622172096287128
-0.0019439069810378686
0.00011133306821923647
0.0005391223545270589
0.0018701390983568169
-0.001005060537078279
-0.0016598439113748328
0.0017979193129719646
0.0006852930639228438
-0.0015924796832700308
0.0010461016250479412
-0.001507056694049869
0.0011640063179287196
-0.001236616791897166
0.0014118115046324146
0.0018492158808054888
-0.0001990126693685373
0.0002684083640419993
0.00183506960078857
-0.0011959629189421334
-0.001404573351432221
0.0017452816364655248
-0.0004239806725481051
0.0015646699600074905
0.0008592547457078115
0.001772733675671826
-4.5039252983867335e-06
0.0015339819232184073
0.0007983958157867231
-0.0016331889980026766
0.0005630591445519796
-0.0013957121634316902
-0.0010176870107953572
0.0009243226166899094
0.0014339946834953285
0.00061429762128674
0.0015849232348877525
-0.0013505974974684011
-0.001023013351533594
0.0012951641228002718
-0.0010871877702361237
0.0008227858204038422
0.001471567894349941
0.0014630541165081474
-0.0008361121575562287
-0.0016098097806734244
-0.0003175952886801036
0.001373325384154379
-0.0008512111046013581
0.0013176285110491305
-0.0009221197261220144
-0.00151528592662468
-0.0005061527434611432
-0.001510962183956009
0.0004537017383659268
0.0015566296291247253
0.00017491448908526152
-0.001042169388507939
0.0011325414558111078
0.00010931964665357227
-0.001518872690665028
0.0009232028473470204
-0.0011844646453095116
0.00040782893967501044
-0.001438648192764019
0.0011360843207584063
-0.0009651438623052581
0.0013938521579006827
-0.0005267955980858719
6.219613860697094e-05
-0.001483807639452996
0.001112681190458163
-0.0009687751943079691
-0.00032731571726309224
0.0014247790374852145
0.0013661561715137241
0.0004835099185294472
0.0014311300567457648
0.00017599732871400356
0.00018796853587533814
-0.0014274831966826435
0.0011501145107177925
0.0008609184096316576
0.0014285921176051856
0.00012465334053399864
0.0012709298802600442
-0.0006584378612136623
0.0005027551268103334
-0.0013364037081261498
0.0008063408843049466
0.0011747011412937504
0.0014086380182763022
0.0001542385382963456
0.0007320556752939715
-0.0011886178204630784
0.00114810172278372
0.0007593235291076962
-0.0010435276074434291
0.0008961390753525313
-0.0007229533494672876
0.0011525847114203175
0.0013454962140763147
-0.00018748377474569713
0.001135748309566387
0.0007444288645756208
-0.0003817766595060844
-0.0013006974919246006
-0.0006928605535434528
-0.0011382121467060496
0.00027219302193978343
0.0012883546072732471
0.0012883498911310932
-0.0002446550061353109
0.0007116298295573552
0.0010985456776430058
0.0005885041010617183
-0.0011671782046837461
0.00020663389917317316
-0.001288320081517149
-0.0012029719461790866
0.0004891502039555415
-0.0005197960289753438
0.001177087380481918
-0.0012440715152723966
-0.00031651633762958307
0.0008407892309359617
-0.0009479232860143368
-0.0012549813749782668
0.00016539462326657368
-0.0011323033352019717
-0.0005423476054558832
-0.0012375401046360087
-9.690218537182125e-05
0.0011225922519686215
0.0004966988150684674
-9.352979953696113e-05
-0.0012042002438990723
0.00018579868447511107
-0.0011918547696378062
8.148557759131456e-05
-0.0011977701470709192
0.000987560479110798
0.0006773083906748283
0.0010552418260583256
-0.0005508005349354737
-0.0010018488741618916
0.00063501232563197
0.0011798655493115776
3.347489535054438e-05
-3.23224989110912e-06
0.0011762253253076384
-0.00036972036667443173
0.001097570938400393
0.00022686983206856134
0.0011077746216672886
-0.0008630155382697437
-0.0007103925995899187
0.0004663415293455064
-0.001002290789459325
0.0003032592122971153
0.0010498301819508297
0.0009355158407087262
0.0005560664641487885
0.0010855753414955734
-5.926086300337037e-05
-0.00019197474487896553
-0.0010695691538098126
0.0008605574756367618
0.0006508414022636741
-0.00030574071849561124
-0.0010239862335242713
0.0009163690397489118
0.0005424547157857154
-6.71016312323771e-05
0.0010517287864919883
-6.139661630216796e-05
0.001043864897126745
-0.0003899005592545301
0.0009658324023290144
0.0008551671725869921
-0.0005862261715849373
-7.078670584118579e-05
-0.0010343847967006514
-0.000850712810628257
-0.0005823935352983325
-0.0005693893776552452
-0.0008487429772313841
-0.0008833961136804605
-0.0005074172754554243
-0.0008950259832435052
0.0004672446569825272
-0.00048323547943659523
-0.0008611958530149379
-8.731057994696177e-05
0.0009717678164199281
0.00057069515723277
0.0007857596424831269
-0.0008254972430924283
-0.0005081799351384747
-1.0199729772951936e-06
0.0009691244546531592
0.0004735453630969811
-0.0008375000733940914
-0.0008643605932532614
0.0003949895866567129
-0.0008855862554715216
-0.0003442395160694433
-0.000387001427588729
-0.0008499776446634047
-0.0009074119396353131
-0.00021986821133680034
0.0008775170090189203
-0.000268974512362541
-0.0005965603450815195
-0.0006826581521827746
-0.0007685248098817431
-0.0004790955978280075
5.474119406172387e-06
-0.0008848065767056093
0.00020083266457089494
-0.00084210396253964
-1.5871348234707493e-05
-0.0008631112418675668
0.0007521122441527323
-0.0004123842955880968
-0.0006470105179351934
-0.0005626411006256943
-4.0477250614571656e-05
-0.0008474445445870092
0.0007934250728262271
-0.00028473763085360695
-0.00016039095468973924
-0.0008253049615851967
-0.0008204369653629514
-0.00016745529334167208
0.000781137114984203
0.00028787086514347023
-0.0008216483890966455
0.00012613543094033418
-0.0007213697760873562
-0.0004087887103031102
0.0005273691582817581
0.000638469144854557
-0.0004930266206625393
0.0006610649836222368
-0.00048280324280851143
-0.0006519916904078302
0.0006054683281405706
0.0005326569478753692
0.0006597632171360634
0.0004563715808831845
0.00029623133576583266
0.0007454791792055855
0.0007124138506183735
-0.00035209838550030113
-0.00020902411196303014
-0.0007600687764820931
-2.507364674670761e-05
0.0007873788394436418
0.00041980901177544167
0.0006663969953573255
0.0007297694922025767
-0.0002794487228659653
-0.0004090937134843512
-0.000660038356230908
-3.326716437357532e-05
0.0007747532898709469
-0.0006562534562493493
0.00038353779272963035
-0.0002323356584271088
-0.0007215583540243426
-0.0002371831857114799
-0.0007190950637087577
0.000744024023267079
-0.00011351972084931196
-0.0006934553782358909
0.0002666938276463598
-0.000591412297632635
0.00044077972168196514
-0.0006346457011687319
0.0003676344801510521
0.0003503812828939073
0.0006419495065624045
0.0002572751334482986
0.000678822812689737
-5.547356531104098e-05
0.0007216163946041506
-0.00032767484186174077
-0.0006418745488060572
0.00017383385393894774
-0.0006963585094367138
0.0002579944655099541
0.0006604250371667324
-0.0006748863801411937
0.00019986134917611518
0.0005619296015417306
0.0004119264172577526
-0.0005501003235038165
0.0004174569578898738
-0.00031117626721544945
-0.0005973461458678244
-0.0006020079981927168
0.00029821319754517496
0.00025137805348188555
0.0006192368967030003
0.0005266506652377057
-0.00039453198324160364
-0.0005743644732527847
0.0003170777682194342
-5.873955420197916e-05
0.0006408105116450199
0.0004239811621563738
0.0004814620847685952
-0.0002277955961890932
-0.0005986101044045901
-0.00032033689233575634
-0.0005505892916148228
0.0005762934048808307
0.0002634128265529231
0.0001923864392472575
-0.0006033583901644329
0.00021753695906241352
-0.0005930223215454018
-0.0005471315786711249
0.0003116617646392974
-0.0002673121905706735
-0.000568224822603919
0.0004253477771042442
0.00046008326262754083
-0.0006171861909362115
-7.70810347222058e-05
-0.00024643865488266917
0.000571035701279602
0.0003023226866973378
0.0005431680905511061
0.0004625532497992031
0.0004051383325538193
0.0005416215102266614
0.00027624421973042323
0.0004891632097770923
0.00036074452690395837
-1.8685037097971506e-05
-0.0005983041118171628
0.0005891257036512298
-0.00010146771148100825
0.00022656777974572892
0.0005527595328164045
0.0001639826200296174
0.0005730633133279105
0.0004220963751297651
0.000419840700040799
0.00014695183227367
-0.000575405714843577
0.0005530528644148308
0.00021252825453915784
0.00023060703512621197
-0.000540954630150839
-0.0005549113564341037
0.0001811791375124761
0.0004515732057489984
-0.0003689636560032825
8.962668510512192e-06
0.0005805305213403306
-0.0005526589079408405
0.00017552223785466438
-5.9087492029271844e-05
0.000573367867339998
0.00048815687890760154
-0.00030642905909562075
0.0005594365313649941
-0.00013069560174050785
0.00016891667285840064
0.0005406913661432808
-0.0004976818708808294
0.0002659421580983111
0.0005588902772604065
1.5462211256957506e-05
-0.00044339461041066174
0.00033193505017045676
0.0004885940306057499
0.0002607700955560117
-0.0005477560555262565
8.072082919765265e-05
0.0005510097635947247
5.0352861857027404e-05
-0.000503191830423131
-0.0002260692109809825
0.0004694125088099586
-0.00028467331912514503
0.0004512676924285659
-0.0003094292204706549
-0.0005049218951187221
0.00019854889371311886
0.00017842850752635098
-0.0005122966383486327
0.00014848603074526368
-0.0005121545083456592
0.00028674729312628275
0.0004491322070620039
-0.0003180944033787357
0.00041506958877507037
0.0002678388629000655
0.0004486050429967915
-0.0001065086582147163
0.0005114436312302094
7.694877640406807e-05
0.0005118707587570077
-0.0004812537843745502
0.00018961739707375782
0.00017524944282344565
0.0004854488353156144
0.00010610426879188858
0.0004916464972492702
-0.0004899473298418573
9.317380382688558e-05
-0.00048663737448729615
-9.332615250077971e-05
-0.00046744608694517735
0.00015896230817650158
-0.0003119349539917514
-0.00038222780150297614
-8.176094453250077e-05
0.0004828606836312191
0.0003684353913316392
-0.00031982576675344983
0.00047628139435990666
-8.621216625646184e-05
-1.1010279635975337e-05
-0.0004833963703520158
-0.0002734172832085811
-0.00039525145031441
-0.00034625893115852713
0.00032539340399152675
0.00045931267134864716
0.00012114266292732726
0.0004054961861380473
0.00024715802612920983
0.00010671591648544202
-0.000460797733620655
0.00016251570548690065
-0.00044321940548766657
-0.00034185702476047393
-0.00032467728884072716
-0.00032918338107086115
-0.000337271173297462
0.00033358818562796483
-0.00033010983858461395
-0.00045866970992519576
-9.683982236042708e-05
-6.887503168601244e-05
-0.00046152986857775125
-2.5649445776623444e-05
-0.00046523113868900313
0.00045723612818639994
7.812738252580361e-05
-3.6602128655619e-05
-0.0004593571845849555
0.0002967439299188941
-0.00035132456464386744
0.00031163292424178554
-0.0003375344071749388
9.153454997155104e-06
-0.00045847584683359204
-0.00043585563710868934
-0.00013894266258608707
0.0004083303723149841
-0.00019810161353589945
-8.872643371554575e-05
0.00044506560976412853
9.913900642603878e-05
0.0004385612578272232
-0.0001272588984197354
0.0004291991981598417
-0.00031563832706942593
-0.0003138296049613739
-7.201652713573843e-05
-0.0004373785671233281
0.0004401312499129231
-5.0779522676218966e-05
-0.00036922230535890667
-0.0002435324830092228
-0.0001530106588646284
-0.00041346438465790833
-0.0003715296967518111
0.00023543357712901185
-0.00043223583161585365
-6.29375066476186e-05
-0.0004137451515743466
-0.00013788571241972795
0.0002736113271964533
0.0003388602508756248
-0.00036076591479001385
0.0002408651080931823
-0.00020621735539551133
0.00037774095828425273
-9.098886616121466e-05
0.0004193194977752065
-0.000186927776778016
0.00038563930838798226
0.000309409800646367
0.0002922644094867352
-0.00016877692312576228
0.0003897590210941176
-0.0003726984011089933
-0.00019985040606514815
-0.0004154615566180779
7.448504117510177e-05
-0.0002806318812310924
-0.00031523365043430797
-0.00018428818197485793
-0.00037703716787482395
6.374714907816047e-05
-0.00041047864842262195
-7.723093377802893e-05
0.00040755041226774323
0.00011399517438413418
0.00039742809564072214
0.0002710354702742727
-0.0003088936511291053
-0.000321903796417799
0.0002552983962195766
-0.0004069214221366622
2.5149412371561783e-05
-0.00037920839609936345
0.00013972152537987642
-8.399089952875567e-05
-0.00039242051373868363
-0.00038538593570327357
-0.00010331973352265873
0.00027926151811733457
-0.00028392493617625627
-0.0003872196128421175
-6.434373716003813e-05
-9.997055893457745e-05
-0.00037602983199342034
-0.00017184825078230193
0.0003490724760271039
0.00034441151542261776
0.00017967507878504074
-0.0003737504209838455
9.760020150105354e-05
0.0003405659432838609
-0.00016637884041869933
0.0003029976542704863
-0.00021838583182816495
0.00036930854197481805
3.738680728287481e-05
0.00021702274600982876
-0.0002972439221894615
-0.00035378701715599954
9.035767246471965e-05
-9.507313213658573e-05
-0.00035117722872491383
2.3550818049345714e-05
-0.0003620570789014696
4.551669890804903e-05
-0.0003588876638706123
0.0003319823384960163
0.00013285985292046238
-0.0003380585746221487
-0.00011372152352103794
-0.0003184795318819984
-0.0001519314616948435
-0.00016533881846132064
-0.0003110520370373613
0.00028792908637824714
-0.00020267356373474904
-0.00034835055537834703
-3.133506774733076e-05
-0.00011862096309424742
-0.00032502824599498707
0.0003063165116020968
-0.00016036993343624713
-1.9774966850919385e-07
0.00034394578061827815
0.0003371265575188244
5.903715615365279e-05
-0.00033839641094823966
-2.240877040105574e-05
0.00013544636057409744
0.0003093394092224777
0.0003364007926587466
1.0324407609652118e-05
-0.00023477697189055335
-0.00023762429712096742
5.071264086696594e-05
0.0003269545135963092
0.00016622056302878502
-0.0002859443511938329
3.920916577337694e-05
0.000319109189825429
-0.00010317259668045711
0.0003030971125591675
0.00024995130499462075
-0.00019918707866395954
-0.00015909419074032043
-0.0002739383826330945
-0.0003106219304645897
-1.6471380987248055e-05
-0.00023848569217515257
-0.00019754358583963023
-2.0899378299972705e-05
0.00030852803332834206
0.00021556009141961954
-0.00020724566669242707
-9.039668415371368e-05
-0.0002816273824460217
0.00024634919337825436
-0.00016212059793513183
0.00013580032956538745
-0.0002601165076464688
-0.0002748715940320694
9.543538230108865e-05
-0.0001846834258506658
-0.00022321959845058372
5.425716400408422e-05
-0.0002841529448448229
0.00018399603162327655
-0.00022260715845885768
0.000283799044742239
-2.9248017456884058e-05
2.033794327834006e-05
0.00028276983344741334
0.0002309501718040678
0.0001615360396804849
0.00023141512046107602
-0.00015789576496641998
0.00013838003291735841
-0.00024217615675373936
-0.00026567472902088666
8.234763288451924e-05
-2.1919785351811162e-05
-0.0002734006157033332
0.00024302344483210782
0.00012284729824477592
-9.129224187624219e-05
0.0002544509466416516
-0.0002530649653518667
-8.251479739473412e-05
-0.00026571118608714647
-1.185464355020412e-05
0.0002606522858938072
4.792736924875236e-05
-0.00012497487029305754
0.00022701328788072314
0.0002501278987199209
-3.4481014393027295e-06
7.258789989595814e-05
0.00023865756425996794
0.00024550787086230415
4.1353124125709354e-05
5.368590558393817e-05
0.00024090521219152273
-0.00024140481018504508
-3.908242202884887e-05
1.655510493392149e-05
-0.0002413891101384422
0.00021697402552225988
0.00010044025574584432
-6.203724511778168e-05
-0.00023085191211321445
0.00013329845273035484
-0.00018342593116196793
-9.365870763737089e-05
-0.00020610955815259505
-0.00014830579567758268
-0.00015547832985808238
-0.00015190144729011323
-0.00014865184671201324
0.00014690608893182895
-0.00014753144959286078
-0.0001503075932912632
0.00014179640169678908
-0.0001904230258589696
7.80313268115765e-05
-0.00020512038435656571
-8.429023637586256e-06
-2.792063284595697e-05
0.00019701499223718027
-9.851702631884847e-05
-0.00016835430359357276
0.00018587777503990826
-2.4411253092866605e-05
-2.380088260053848e-06
-0.00018689560594202265
-0.00012904016180487006
-0.00012780038296130624
-0.0001755693777865472
3.7696187994113155e-05
0.0001487438316547532
9.561653648944377e-05
0.00015224224965537344
8.975507826832624e-05
-9.271906619505422e-06
-0.00017275527760920726
-0.00016766209758704506
1.0726635358529642e-07
-0.00016442314273257133
-3.081457431756217e-05
0.00016503394268848953
-2.2857636438757207e-05
-7.619745400553576e-05
0.00013936167446736267
0.00013190675395974993
-8.500838745898294e-05
-3.887336153234485e-05
-0.00015001554747915726
-4.870613251962313e-06
-0.0001475078871887496
8.930787293645159e-05
0.00011611490722686574
0.00013542198913991927
3.102558583564343e-05
-5.958223831349035e-05
-0.0001227131957915061
7.195221448825001e-05
0.00011501193503223386
-1.7621970086710532e-05
0.00013280687573446546
3.3043210510420146e-05
0.00012409756001028558
-1.2437878165017337e-05
-0.00012674390215095498
4.73117043177876e-05
-0.00011252529857343435
-0.00010309233229188058
5.3164607274841166e-05
6.9133605033874e-05
9.310241564936407e-05
5.907065264076569e-07
0.00011558282042469165
0.00011321118085859923
2.317719677514277e-05
-9.65978527620601e-05
6.157101130531661e-05
-3.8536273301048064e-05
-0.00010584118084283926
-0.0001124517855416619
5.923261544045926e-06
-5.467518252035762e-05
9.397902279611878e-05
0.00010304607094015585
1.968630945682181e-05
-7.902163504168143e-05
6.697202128979905e-05
6.929875176475708e-05
-7.416013036956281e-05
-9.349150991936329e-06
9.588202379212237e-05
-6.414823798160001e-05
-7.094448558757078e-05
2.149247246875088e-05
-9.191854239697073e-05
3.3298823867090616e-05
-8.775320603413017e-05
-9.227442785736991e-05
-1.0856815525240389e-05
9.06718130469258e-05
1.5228896502527105e-05
-7.366187865200514e-05
4.3760420995861003e-05
2.1418864278070163e-05
-8.070385509166398e-05
7.34497922087272e-05
-3.7514281869653696e-05
6.777469688739761e-05
3.934901230389994e-05
6.5084215395070895e-06
7.784819087669438e-05
8.28944711745805e-06
7.566891720409412e-05
6.96861625206571e-05
-2.7778514656505513e-05
-6.991745346919976e-05
-1.8516280051920995e-05
-4.723492898920474e-05
-5.3191321820516483e-05
-2.9047494481584078e-05
6.481115296731385e-05
-6.412675867392735e-05
2.2366928893796092e-05
6.743516090357326e-05
-6.0115464135767054e-06
5.0266370152736786e-05
4.1152178436898966e-05
5.39492186071599e-05
-3.566255489630653e-05
5.4843863206312476e-05
-3.270355528040648e-05
9.744053686138333e-06
-6.302332191892218e-05
5.756050261102643e-05
-2.7392396101638873e-05
-5.986315413268367e-05
-1.8927175101043437e-05
-5.387726088985868e-05
-2.2161878890463913e-05
-5.726899047648839e-05
9.12520096531773e-06
5.1723561926863594e-05
-2.065271813122936e-05
-2.000853578859596e-05
-5.08147924815211e-05
-1.0388387118094155e-05
-5.1082850878842356e-05
5.159314683623605e-05
-6.940286977541595e-06
-4.144444325486943e-05
-2.8293089791533375e-05
1.711354698184309e-05
-4.697195030635236e-05
-2.0648380388139996e-05
-4.295950816086123e-05
4.382246230531328e-05
-1.6434362956386692e-05
4.298828242252272e-05
-1.5475156788320727e-05
-4.284244134172138e-05
-1.2104645391159546e-05
-1.5266308067164985e-07
-4.156793709741546e-05
3.313022432558098e-05
2.31168618234908e-05
2.2758894072338193e-05
-3.2094756635795774e-05
3.6013497415215146e-05
-1.4132593147411429e-05
2.991237350600433e-05
1.846422909284218e-05
2.8344767016024613e-06
-3.4692071270818605e-05
-3.407555852236264e-05
-4.047158521144206e-06
-4.439298150240244e-06
-3.338579637456043e-05
1.6939771441425546e-05
2.2441775184658228e-05
-1.05608506712207e-05
-2.2966269756250808e-05
-2.6022314471827047e-06
2.1986985070033508e-05
1.9055227712283735e-05
9.00878079996897e-06
7.151844673386933e-06
-1.871806099021603e-05
1.9789910301870866e-05
-1.3007252844892368e-06
1.3882058045235732e-05
-1.3971151405302025e-05
-1.58601387204052e-05
-5.017322119445602e-06
1.1001364904754591e-05
-8.548144044415e-06
1.0964605870453199e-05
7.910381563295415e-06
9.042947834220195e-06
7.100766908693136e-06
9.213082411498681e-06
5.564430952249583e-06
0.0
0.0
0.0
0.0
0.0
0.0
0.0
0.0
0.0
0.0
0.0
0.0
0.0
0.0
0.0
0.0
0.0
0.0
0.0
0.0
0.0
0.0
0.0
0.0
0.0
0.0
0.0
0.0
0.0
0.0
0.0
0.0
0.0
0.0
0.0
0.0
0.0
0.0
0.0
0.0
0.0
0.0
0.0
0.0
0.0
0.0
0.0
0.0
0.0
0.0
0.0
0.0
0.0
0.0
0.0
0.0
0.0
0.0
0.0
0.0
0.0
0.0
0.0
0.0
0.0
0.0
0.0
0.0
0.0
0.0
0.0
0.0
0.0
0.0
0.0
0.0
0.0
0.0
0.0
0.0
0.0
0.0
0.0
0.0
0.0
0.0
0.0
0.0
0.0
0.0
0.0
0.0
0.0
0.0
0.0
0.0
0.0
0.0
0.0
0.0
0.0
0.0
0.0
0.0
0.0
0.0
0.0
0.0
0.0
0.0
0.0
0.0
0.0
0.0
0.0
0.0
0.0
0.0
0.0
0.0
0.0
0.0
0.0
0.0
0.0
0.0
0.0
0.0
0.0
0.0
0.0
0.0
0.0
0.0
0.0
0.0
0.0
0.0
0.0
0.0
0.0
0.0
0.0
0.0
0.0
0.0
0.0
0.0
0.0
0.0
0.0
0.0
0.0
0.0
0.0
0.0
0.0
0.0
0.0
0.0
0.0
0.0
0.0
0.0
0.0
0.0
0.0
0.0
0.0
0.0
0.0
0.0
0.0
0.0
0.0
0.0
0.0
0.0
0.0
0.0
0.0
0.0
0.0
0.0
0.0
0.0
0.0
0.0
0.0
0.0
0.0
0.0
0.0
0.0
0.0
0.0
0.0
0.0
0.0
0.0
0.0
0.0
0.0
0.0
0.0
0.0
0.0
0.0
0.0
0.0
0.0
0.0
0.0
0.0
0.0
0.0
0.0
0.0
0.0
0.0
0.0
0.0
0.0
0.0
0.0
0.0
0.0
0.0
0.0
0.0
0.0
0.0
0.0
0.0
0.0
0.0
0.0
0.0
0.0
0.0
0.0
0.0
0.0
0.0
0.0
0.0
0.0
0.0
0.0
0.0
0.0
0.0
0.0
0.0
0.0
0.0
0.0
0.0
0.0
0.0
0.0
0.0
0.0
0.0
0.0
0.0
0.0
0.0
0.0
0.0
0.0
0.0
0.0
0.0
0.0
0.0
0.0
0.0
0.0
0.0
0.0
0.0
0.0
0.0
0.0
0.0
0.0
0.0
0.0
0.0
0.0
0.0
0.0
0.0
0.0
0.0
0.0
0.0
0.0
0.0
0.0
0.0
0.0
0.0
0.0
0.0
0.0
0.0
0.0
0.0
0.0
0.0
0.0
0.0
0.0
0.0
0.0
0.0
0.0
0.0
0.0
0.0
0.0
0.0
0.0
0.0
0.0
0.0
0.0
0.0
0.0
0.0
0.0
0.0
0.0
0.0
0.0
0.0
0.0
0.0
0.0
0.0
0.0
0.0
0.0
0.0
0.0
0.0
0.0
0.0
0.0
0.0
0.0
0.0
0.0
0.0
0.0
0.0
0.0
0.0
0.0
0.0
0.0
0.0
0.0
0.0
0.0
0.0
0.0
0.0
0.0
0.0
0.0
0.0
0.0
0.0
0.0
0.0
0.0
0.0
0.0
0.0
0.0
0.0
0.0
0.0
0.0
0.0
0.0
0.0
0.0
0.0
0.0
0.0
0.0
0.0
0.0
0.0
0.0
0.0
0.0
0.0
0.0
0.0
0.0
0.0
0.0
0.0
0.0
0.0
0.0
0.0
0.0
0.0
0.0
0.0
0.0
0.0
0.0
0.0
0.0
0.0
0.0
0.0
0.0
0.0
0.0
0.0
0.0
0.0
0.0
0.0
0.0
0.0
0.0
0.0
0.0
0.0
0.0
0.0
0.0
0.0
0.0
0.0
0.0
0.0
0.0
0.0
0.0
0.0
0.0
0.0
0.0
0.0
0.0
0.0
0.0
0.0
0.0
0.0
0.0
0.0
0.0
0.0
0.0
0.0
0.0
0.0
0.0
0.0
0.0
0.0
0.0
0.0
0.0
0.0
0.0
0.0
0.0
0.0
0.0
0.0
0.0
0.0
0.0
0.0
0.0
0.0
0.0
0.0
0.0
0.0
0.0
0.0
0.0
0.0
0.0
0.0
0.0
0.0
0.0
0.0
0.0
0.0
0.0
0.0
0.0
0.0
0.0
0.0
0.0
0.0
0.0
0.0
0.0
0.0
0.0
0.0
0.0
0.0
0.0
0.0
0.0
0.0
0.0
0.0
0.0
0.0
0.0
0.0
0.0
0.0
0.0
0.0
0.0
0.0
0.0
0.0
0.0
0.0
0.0
0.0
0.0
0.0
0.0
0.0
0.0
0.0
0.0
0.0
0.0
0.0
0.0
0.0
0.0
0.0
0.0
0.0
0.0
0.0
0.0
0.0
0.0
0.0
0.0
0.0
0.0
0.0
0.0
0.0
0.0
0.0
0.0
0.0
0.0
0.0
0.0
0.0
0.0
0.0
0.0
0.0
0.0
0.0
0.0
0.0
0.0
0.0
0.0
0.0
0.0
0.0
0.0
0.0
0.0
0.0
0.0
0.0
0.0
0.0
0.0
0.0
0.0
0.0
0.0
0.0
0.0
0.0
0.0
0.0
0.0
0.0
0.0
0.0
0.0
0.0
0.0
0.0
0.0
0.0
0.0
0.0
0.0
0.0
0.0
0.0
0.0
0.0
0.0
0.0
0.0
0.0
0.0
0.0
0.0
0.0
0.0
0.0
0.0
0.0
0.0
0.0
0.0
0.0
0.0
0.0
0.0
0.0
0.0
0.0
0.0
0.0
0.0
0.0
0.0
0.0
0.0
0.0
0.0
0.0
0.0
0.0
0.0
0.0
0.0
0.0
0.0
0.0
0.0
0.0
0.0
0.0
0.0
0.0
0.0
0.0
0.0
0.0
0.0
0.0
0.0
0.0
0.0
0.0
0.0
0.0
0.0
0.0
0.0
0.0
0.0
0.0
0.0
0.0
0.0
0.0
0.0
0.0
0.0
0.0
0.0
0.0
0.0
0.0
0.0
0.0
0.0
0.0
0.0
0.0
0.0
0.0
0.0
0.0
0.0
0.0
0.0
0.0
0.0
0.0
0.0
0.0
0.0
0.0
0.0
0.0
0.0
0.0
0.0
0.0
0.0
0.0
0.0
0.0
0.0
0.0
0.0
0.0
0.0
0.0
0.0
0.0
0.0
0.0
0.0
0.0
0.0
0.0
0.0
0.0
0.0
0.0
0.0
0.0
0.0
0.0
0.0
0.0
0.0
0.0
0.0
0.0
0.0
0.0
0.0
0.0
0.0
0.0
0.0
0.0
0.0
0.0
0.0
0.0
0.0
0.0
0.0
0.0
0.0
0.0
0.0
0.0
0.0
0.0
0.0
0.0
0.0
0.0
0.0
0.0
0.0
0.0
0.0
0.0
0.0
0.0
0.0
0.0
0.0
0.0
0.0
0.0
0.0
0.0
0.0
0.0
0.0
0.0
0.0
0.0
0.0
0.0
0.0
0.0
0.0
0.0
0.0
0.0
0.0
0.0
0.0
0.0
0.0
0.0
0.0
0.0
0.0
0.0
0.0
0.0
0.0
0.0
0.0
0.0
0.0
0.0
0.0
0.0
0.0
0.0
0.0
0.0
0.0
0.0
0.0
0.0
0.0
0.0
0.0
0.0
0.0
0.0
0.0
0.0
0.0
0.0
0.0
0.0
0.0
0.0
0.0
0.0
0.0
0.0
0.0
0.0
0.0
0.0
0.0
0.0
0.0
0.0
0.0
0.0
0.0
0.0
0.0
0.0
0.0
0.0
0.0
0.0
0.0
0.0
0.0
0.0
0.0
0.0
0.0
0.0
0.0
0.0
0.0
0.0
0.0
0.0
0.0
0.0
0.0
0.0
0.0
0.0
0.0
0.0
0.0
0.0
0.0
0.0
0.0
0.0
0.0
0.0
0.0
0.0
0.0
0.0
0.0
0.0
0.0
0.0
0.0
0.0
0.0
0.0
0.0
0.0
0.0
0.0
0.0
0.0
0.0
0.0
0.0
0.0
0.0
0.0
0.0
0.0
0.0
0.0
0.0
0.0
0.0
0.0
0.0
0.0
0.0
0.0
0.0
0.0
0.0
0.0
0.0
0.0
0.0
0.0
0.0
0.0
0.0
0.0
0.0
0.0
0.0
0.0
0.0
0.0
0.0
0.0
0.0
0.0
0.0
0.0
0.0
0.0
0.0
0.0
0.0
0.0
0.0
0.0
0.0
0.0
0.0
0.0
0.0
0.0
0.0
0.0
0.0
0.0
0.0
0.0
0.0
0.0
0.0
0.0
0.0
0.0
0.0
0.0
0.0
0.0
0.0
0.0
0.0
0.0
0.0
0.0
0.0
0.0
0.0
0.0
0.0
0.0
0.0
0.0
0.0
0.0
0.0
0.0
0.0
0.0
0.0
0.0
0.0
0.0
0.0
0.0
0.0
0.0
0.0
0.0
0.0
0.0
0.0
0.0
0.0
0.0
0.0
0.0
0.0
0.0
0.0
0.0
0.0
0.0
0.0
0.0
0.0
0.0
0.0
0.0
0.0
0.0
0.0
0.0
0.0
0.0
0.0
0.0
0.0
0.0
0.0
0.0
0.0
0.0
0.000984877521267
0.000717367772319
0.000909671109774
0.000590954402728
0.00052627194143
0.000559126368314
0.000762211004112
0.000705733870033
0.000628758945826
0.000727884717913
0.000928726156313
0.000669550938528
0.000939651027155
0.000737916047096
0.000423819081252
0.000430145670923
0.000704239709838
0.000813886084039
0.000982249883664
0.000916262254459
0.00071132555492
0.000300059799955
0.000992201601677
0.000802399068795
0.000903519166939
0.000855791920297
0.000717040116731
0.000822247192026
0.000965939132096
0.00100866878507
0.00108727082674
0.000832601586155
0.000826398730651
0.000566337221818
0.000978566352418
0.000626037930036
0.000585390167372
0.00105764649653
0.000676083045384
0.000769671143456
0.0009872689513
0.000469077058203
0.000674913575018
0.000306218516752
0.00100688040527
0.00110353005193
0.000781778279432
0.000835639945873
0.00106604383678
0.000780036072506
0.00081356820789
0.00112688977983
0.000867977398285
0.000696511782083
0.00101377975579
0.00084299695966
0.00127723890326
0.000950728099147
0.0006784932432
0.000986377484756
0.000611473477359
0.00127292309874
0.000837873791481
0.000688498873154
0.00102175152068
0.000922723436755
0.000591828672371
0.000782542149314
0.000917872280944
0.000766391582629
0.00108838936435
0.00105131142193
0.00113552012944
0.000834562771569
0.00113287067485
0.000504206717551
0.000739240387226
0.000834536571724
0.000993726184388
0.000767420241391
0.00105866696733
0.000872337593696
0.0010431434101
0.00135740755268
0.000870692896205
0.000910375468205
0.000433350874406
0.00111941638881
0.000947294988055
0.000775409921239
0.000738101918853
0.00106631264873
0.00102243342128
0.000766850444961
0.000535424660771
0.000882156620488
0.000621737626833
0.000969517929092
0.000698727429527
0.0007008975113
0.000614064067955
0.000906513829234
0.000847031328869
0.000835265978625
0.00061461794674
0.00101581055865
0.000573611502843
0.000803277633357
0.000878512169017
0.000924773242645
0.000775380007916
0.000782792960605
0.0010876498484
0.000619394309695
0.000780191774363
0.000708705911757
0.000958253912402
0.00117803888546
0.000471947694326
0.00052142833389
0.00104429977292
0.00100593362429
0.00111408299701
0.000733072618201
0.000489045309923
0.00084473453604
0.000716313340243
0.00102368811281
0.00100177202866
0.00141512237256
0.00135210836396
0.00074333020149
0.000556257629197
0.000830043944984
0.00128285959696
0.000931092069898
0.000817726082929
0.00111016183786
0.00094931127465
0.000929699752827
0.00117723536093
0.00100677802068
0.000761264915967
0.000656439061774
0.000929631286225
0.000636102848863
0.000763428161211
0.000404026525494
0.000906473132949
0.00123893850829
0.00115843029742
0.000527754749132
0.000691903658975
0.00102241232078
0.000586317287968
0.00124696944474
0.000624804538518
0.0012590059498
0.00071268929596
0.00049713863452
0.000905950826846
0.000648768277863
0.0010354135763
0.000685625793427
0.000779668726239
0.0011936357867
0.00104005594778
0.00085658115186
0.000915604227702
0.00129372960471
0.0013009737999
0.000682338815748
0.000867715107225
0.000619147132691
0.000923198617739
0.000796482677049
0.000687315772411
0.000900638865073
0.000880130406574
0.000733957160365
0.00113081881392
0.000151816078863
0.000907518592516
0.00135324491922
0.000927024831561
0.00112501905716
0.00116607957405
0.000997182304583
0.000719547208634
0.000744902542636
0.000647249692225
0.00119042704862
0.00115137590651
0.000769161497554
0.000752795684802
0.00080418196278
0.00100981623147
0.000860310050788
0.00125846040377
0.000857990762404
0.00111986507257
0.000752407853177
0.000700221025605
0.000976535884565
0.00136825900202
0.000517312508367
0.000746623926946
0.000925390726208
0.00113534103135
0.00103825242474
0.000600439952965
0.000972113925308
0.00131682818248
0.00159908941167
0.00085071839471
0.000920045048578
0.00105380495282
0.00106732358993
0.000990444198587
0.000700938165556
0.00139374714529
0.000816878927143
0.000746644819815
0.000790187606995
0.000667640174168
0.00123639309204
0.00127474744169
0.00107262179559
0.000836958914183
0.00114745925559
0.00106901672806
0.00106745093537
0.00106690495555
0.000551701704118
0.00110301971934
0.00126545858834
0.000971623302446
0.00060292437674
0.00115677709368
0.00107469517893
0.000802950544984
0.000823251824389
0.00092669750813
0.000503822572436
0.000771349461339
0.000898623535719
0.00116950995893
0.0011425250935
0.00111185783435
0.00104715515878
0.000995337658553
0.000591622586388
0.00097421257781
0.000818467416253
0.000520330023759
0.000565427018203
0.00109412397504
0.000594887507601
0.000753208539332
0.000699937099857
0.00118419556865
0.00132281817302
0.000731629264128
0.00101347069327
0.00121728746529
0.000297566988964
0.00110440431361
0.00131778534885
0.000648782691824
0.00126774072437
0.000852714961842
0.000543951832724
0.00148079634058
0.00097607146008
0.00110923096494
0.00112678930933
0.00103089367789
0.000849797211737
0.00125294757791
0.0010543276316
0.000111298801454
0.000782013280383
0.000815610247941
0.00066554483143
0.000622634503449
0.00120617682609
0.00104303505905
0.000912723963122
0.00114726472623
0.000563595843884
0.000952389068437
0.00121649272712
0.000704667143511
0.00063053914188
0.00118516654033
0.000421040425234
0.000724620770809
0.000951082846356
0.00112763602188
0.00151309486971
0.000492415198674
0.000623170157084
0.000919327981587
0.000950332475092
0.000851939170797
0.0010975364277
0.000713767795408
0.00114211374008
0.000785963679576
0.000679814184354
0.00150793681703
0.00111494879996
0.00104131300847
0.00073688087713
0.00122555269094
0.000843430941904
0.00118586319547
0.00108312399325
0.00110250800529
0.000942500237765
0.000680426830409
0.00053397081152
0.000929038129947
0.000915033579565
0.000817871991156
0.00115965927936
0.000648501963939
0.000911818053338
0.000661602070065
0.000955055657657
0.00124003129994
0.000337750502482
0.00119290647302
0.00088835870339
0.00111210216711
0.000400879831246
0.000811223960762
0.000870450232489
0.00112647713876
0.000739582246801
0.000922460454848
0.000993380533279
0.000330612606264
0.000997614812933
0.00070651747944
0.000837903278857
0.000886909745554
0.00108065685971
0.000767124438037
0.000984525891783
0.000609511125048
0.00103899146813
0.000155722928809
0.00103984919722
0.00032402259767
0.00125982314173
0.000447443909555
0.000439520438468
0.00106434575949
0.00101318451014
0.00055778265007
0.000871076805802
0.00058151255078
0.00116779016659
0.000840493597947
0.000840785042797
0.000660997760182
0.000437498778137
0.000918225312492
0.000632082826719
0.00104469543866
0.000563336467802
0.000542851631578
0.000637849670862
0.00102339623481
0.000775910334066
0.000771699762501
0.000919393710961
0.000998827359955
0.00031652685203
0.000882721997866
0.00088310186307
0.00101269293759
0.00100713172857
0.000951345668398
0.000646300191777
0.000738469880305
0.000393202730409
0.000336213891153
0.000983044070647
0.000442885026697
0.000332468088328
0.00110834197006
0.000523859934265
0.000884837797676
0.000532462755573
0.000921391960261
0.000806519081756
0.00100049596542
0.000836114675797
0.000382946789718
0.000386011492842
0.0008766882625
0.000896919032347
0.000243970521776
0.000430636397646
0.000324867983789
0.00121215107483
0.000965660400391
0.001022106541
0.00101011336949
0.000851557390051
0.000901557940551
0.00125868322411
0.000920469581304
0.000301160402135
0.000854112140875
0.000126417863367
0.000157114205142
0.000911212224648
0.000947626463078
0.000850575448843
0.000510157672241
0.000606187368213
0.000764625129185
0.000831094742322
0.000911326821936
0.000695126490754
0.000880517870782
0.000916133295143
0.000850791201831
0.000961449239236
0.000765542492224
0.000719584980081
0.000704323795152
0.000769860263554
0.000115826455645
0.00069588735501
0.000761335338675
0.000734773717388
0.000778496327996
0.000666760850794
0.00074777308652
0.000777322766929
0.000794095383512
0.000790326366476
0.000702621373309
0.0010447223191
0.00073987303441
0.000635110711604
0.000789799344428
0.000594068173228
0.000417693846454
0.000806522844056
0.000705685335862
0.000706449798536
0.000627130807954
0.000727488246284
0.00068076753767
0.000598140832548
0.000715534811699
0.000696742414109
0.000649493347625
0.000613394789481
0.000645593911799
0.000612494537567
0.000731499088766
0.000599748975798
0.00059021521855
0.000689077965097
0.000570208159558
0.000525897936432
0.000581037764541
0.00063493565339
0.000609453103699
0.000542592924372
0.00051230135342
0.000453403945555
0.000460847263681
0.000463902627343
0.000416415309207
0.00050447063846
0.000433254082657
0.000403105623887
0.000424131296265
0.000444819073418
0.000264832099758
0.000298279744344
0.000310058272755
0.000283781256162
0.000188016964721
0.5
0.5
0.5
0.5
0.5
0.5
0.5
0.5
0.5
0.5
0.5
0.5
0.5
0.5
0.5
0.5
0.5
0.5
0.5
0.5
0.5
0.5
0.5
0.5
0.5
0.5
0.5
0.5
0.5
0.5
0.5
0.5
0.5
0.5
0.5
0.5
0.5
0.5
0.5
0.5
0.5
0.5
0.5
0.5
0.5
0.5
0.5
0.5
0.5
0.5
0.5
0.5
0.5
0.5
0.5
0.5
0.5
0.5
0.5
0.5
0.5
0.5
0.5
0.5
0.5
0.5
0.5
0.5
0.5
0.5
0.5
0.5
0.5
0.5
0.5
0.5
0.5
0.5
0.5
0.5
0.5
0.5
0.5
0.5
0.5
0.5
0.5
0.5
0.5
0.5
0.5
0.5
0.5
0.5
0.5
0.5
0.5
0.5
0.5
0.5
0.5
0.5
0.5
0.5
0.5
0.5
0.5
0.5
0.5
0.5
0.5
0.5
0.5
0.5
0.5
0.5
0.5
0.5
0.5
0.5
0.5
0.5
0.5
0.5
0.5
0.5
0.5
0.5
0.5
0.5
0.5
0.5
0.5
0.5
0.5
0.5
0.5
0.5
0.5
0.5
0.5
0.5
0.5
0.5
0.5
0.5
0.5
0.5
0.5
0.5
0.5
0.5
0.5
0.5
0.5
0.5
0.5
0.5
0.5
0.5
0.5
0.5
0.5
0.5
0.5
0.5
0.5
0.5
0.5
0.5
0.5
0.5
0.5
0.5
0.5
0.5
0.5
0.5
0.5
0.5
0.5
0.5
0.5
0.5
0.5
0.5
0.5
0.5
0.5
0.5
0.5
0.5
0.5
0.5
0.5
0.5
0.5
0.5
0.5
0.5
0.5
0.5
0.5
0.5
0.5
0.5
0.5
0.5
0.5
0.5
0.5
0.5
0.5
0.5
0.5
0.5
0.5
0.5
0.5
0.5
0.5
0.5
0.5
0.5
0.5
0.5
0.5
0.5
0.5
0.5
0.5
0.5
0.5
0.5
0.5
0.5
0.5
0.5
0.5
0.5
0.5
0.5
0.5
0.5
0.5
0.5
0.5
0.5
0.5
0.5
0.5
0.5
0.5
0.5
0.5
0.5
0.5
0.5
0.5
0.5
0.5
0.5
0.5
0.5
0.5
0.5
0.5
0.5
0.5
0.5
0.5
0.5
0.5
0.5
0.5
0.5
0.5
0.5
0.5
0.5
0.5
0.5
0.5
0.5
0.5
0.5
0.5
0.5
0.5
0.5
0.5
0.5
0.5
0.5
0.5
0.5
0.5
0.5
0.5
0.5
0.5
0.5
0.5
0.5
0.5
0.5
0.5
0.5
0.5
0.5
0.5
0.5
0.5
0.5
0.5
0.5
0.5
0.5
0.5
0.5
0.5
0.5
0.5
0.5
0.5
0.5
0.5
0.5
0.5
0.5
0.5
0.5
0.5
0.5
0.5
0.5
0.5
0.5
0.5
0.5
0.5
0.5
0.5
0.5
0.5
0.5
0.5
0.5
0.5
0.5
0.5
0.5
0.5
0.5
0.5
0.5
0.5
0.5
0.5
0.5
0.5
0.5
0.5
0.5
0.5
0.5
0.5
0.5
0.5
0.5
0.5
0.5
0.5
0.5
0.5
0.5
0.5
0.5
0.5
0.5
0.5
0.5
0.5
0.5
0.5
0.5
0.5
0.5
0.5
0.5
0.5
0.5
0.5
0.5
0.5
0.5
0.5
0.5
0.5
0.5
0.5
0.5
0.5
0.5
0.5
0.5
0.5
0.5
0.5
0.5
0.5
0.5
0.5
0.5
0.5
0.5
0.5
0.5
0.5
0.5
0.5
0.5
0.5
0.5
0.5
0.5
0.5
0.5
0.5
0.5
0.5
0.5
0.5
0.5
0.5
0.5
0.5
0.5
0.5
0.5
0.5
0.5
0.5
0.5
0.5
0.5
0.5
0.5
0.5
0.5
0.5
0.5
0.5
0.5
0.5
0.5
0.5
0.5
0.5
0.5
0.5
0.5
0.5
0.5
0.5
0.5
0.5
0.5
0.5
0.5
0.5
0.5
0.5
0.5
0.5
0.5
0.5
0.5
0.5
0.5
0.5
0.5
0.5
0.5
0.5
0.5
0.5
0.5
0.5
0.5
0.5
0.5
0.5
0.5
0.5
0.5
0.5
0.5
0.5
0.5
0.5
0.5
0.5
0.5
0.5
0.5
0.5
0.5
0.5
0.5
0.5
0.5
0.5
0.5
0.5
0.5
0.5
0.5
0.5
0.5
0.5
0.5
0.5
0.5
0.5
0.5
0.5
0.5
0.5
0.5
0.5
0.5
0.5
0
