0.0274889357189
0.0259181393921
0.104457955732
0.0416261026601
0.053407075111
0.0384845100065
0.0596902604182
0.0848230016469
0.0361283155163
0.102887159405
0.0981747704247
0.11780972451
0.011780972451
0.065188047562
0.0911061869541
0.150796447372
0.0204203522483
0.19870573534
0.0486946861306
0.195564142686
0.0950331777711
0.147654854719
0.0761836218496
0.12487830798
0.218340689424
0.241117236163
0.113882733693
0.234834050856
0.163362817987
0.135088484104
0.0738274273594
0.243473430653
0.237190245346
0.181426975745
0.111526539202
0.435895980686
0.169646003294
0.416261026601
0.219911485751
0.318871654339
0.136659280431
0.0808960108299
0.896139304436
0.41390483211
0.16179202166
0.263108384738
0.327511034137
0.239546439836
0.304734487398
0.742986662574
0.256039801268
0.280387144333
0.745342857064
0.285099533313
0.340077404751
0.579623844587
0.419402619254
0.910276471378
0.559988890502
0.473595092529
0.260752190248
0.859225590757
0.16650441064
0.215984494934
0.361283155163
0.248185819634
0.211272105954
0.962112750162
0.316515459849
0.132732289614
1.08699105814
0.61496676194
0.591404817038
0.949546379548
0.402909257823
1.08542026182
0.173572994111
1.0170906216
0.175929188601
0.257610597594
0.595331807855
1.05557513161
0.583550835404
0.775973385437
0.866294174227
1.00530964915
1.01866141793
0.311017672705
0.907920276887
0.839590636672
0.32122784883
0.420973415581
0.146084058392
0.947190185057
0.719424717672
0.468097305385
0.391913683535
0.223838476568
0.201847327993
0.764977811149
0.883572933822
0.878860544842
0.409977841293
0.141371669412
0.983318500574
0.903207887907
0.720995513999
0.863937979737
0.525431371313
0.849015414633
0.314159265359
0.52700216764
0.401338461496
0.679369411339
0.292953514947
0.914988860358
0.876504350352
0.303163691071
0.869435766881
0.987245491391
0.521504380496
0.465741110895
0.495586241104
0.89221231362
0.65423667011
0.15943582717
0.37227872945
0.833307451365
0.846659220142
0.267035375555
0.283528736986
0.447676953137
0.644811892149
0.77440258911
0.519148186006
0.374634923941
1.01237823262
0.819170284424
0.177499984928
0.537212343764
0.398982267006
0.638528706842
0.228550865549
0.699004365424
0.989601685881
0.867864970554
0.325154839647
0.461814120078
1.0728538912
0.389557489045
0.186924762889
0.423329610071
0.336150413934
0.680940207666
0.954258768528
1.09877203059
0.808960108299
1.03908177017
0.272533162699
0.790895950541
0.599258798672
0.995884871188
0.428827397215
0.581980039078
0.801106126665
0.992743278534
0.457887129261
0.871791961371
0.90163709158
0.767334005639
1.01551982527
0.480663675999
0.628318530718
0.750840644208
0.123307511653
0.980962306083
0.713926930528
0.344004395568
0.701360559914
0.709999939711
0.190066355542
0.77911497809
0.794037543195
0.758694625842
0.36992253496
0.618893752757
0.549778714378
0.332223423117
0.425685804561
0.687223392973
1.20322998632
1.04222336283
0.661305253581
1.08384946549
0.506581815391
0.674657022358
0.731991088286
0.405265452313
0.609468974796
1.17102866163
0.829380460548
1.07049769671
0.677798615012
0.724137106652
0.334579617607
0.381703507411
0.712356134201
1.37209059146
0.534856149274
0.734347282777
0.684081800319
0.563130483156
1.20558618082
0.622820743574
0.543495529071
0.919701249338
0.545851723561
0.753982236862
0.727278699306
0.923628240155
0.777544181763
0.889856119129
0.226980069222
1.35638262819
0.804247719319
1.38072997125
1.40350651799
1.06499990957
0.956614963018
0.633030919698
0.172002197784
0.824668071567
0.631460123372
1.07442468753
0.567842872136
0.647168086639
1.31397112736
0.20577431881
0.997455667515
0.347931386385
0.763407014822
0.665232244398
0.97546451894
0.783827367071
0.797964534012
1.0084512418
1.05400433528
1.0492919463
1.07913707651
0.523860574986
1.14275432774
1.01080743629
0.556061899685
1.28883838614
1.2165817551
0.635387114189
0.973108324449
0.81602869177
0.509723408045
1.12783176264
1.37915917493
1.11919238284
1.07599548385
1.23071892204
0.786968959724
0.741415866247
0.252898208614
0.966825139142
1.17338485612
0.971537528123
0.589048622548
1.2723450247
0.213628300444
0.470453499875
1.19459060653
0.558418094176
1.41764368493
1.1843804304
0.642455697659
1.11133840121
0.552134908868
0.843517627489
1.09170344712
0.407621646803
0.670730031541
1.25585166327
1.20008839367
1.40193572166
1.36345121166
1.04772114997
0.451603943954
0.289811922294
0.951902574038
1.47497775086
1.1608184855
1.00373885282
1.13568574427
0.478307481509
1.16396007816
0.274889357189
0.352643775365
1.14982291121
0.540353936417
0.613395965613
0.934623814443
1.03279858487
1.54016579842
1.16238928183
1.11526539202
0.694291976443
1.16867246714
0.604756585816
0.455530934771
1.09720123427
0.514435797025
0.806603913809
0.780685774417
1.45377200045
0.73748887543
1.12547556815
0.500298630084
1.22129414408
0.490873852123
0.853727803613
1.39722333268
0.585907029894
1.46319677841
0.941692397914
1.31004413655
0.444535360483
0.69115038379
1.17888264326
1.74436932091
1.34852864655
0.565486677646
1.24721228348
1.55037597455
1.15924768917
1.09484503978
1.42785386106
0.572555261117
0.748484449718
0.667588438888
0.81367249728
1.32025431267
0.486161463143
0.387986692718
1.52210164066
1.05871672426
1.3453870539
1.25349546878
0.930696823626
1.26370564491
1.02415920507
1.00059726017
1.38544236023
1.06342911324
1.24485608898
1.39879412901
1.18595122673
1.2252211349
0.707643745221
1.46712376923
1.12233397549
0.93855080526
1.23700210735
1.53702420577
1.28412599715
1.4333516482
1.29747776593
1.35324103553
0.338506608424
1.33910386859
1.3045463494
1.47026536188
1.59514366986
1.39565253636
1.18202423591
1.14118353142
1.57158172496
1.27705741368
0.356570766182
1.44984500963
0.577267650097
1.32261050716
0.494015444777
1.26920343205
1.75536489519
1.25035387613
1.54880517822
1.63755517068
1.36109501717
0.52935836213
1.25977865409
1.7467255154
1.46005518576
0.6565928646
1.57943570659
1.49382730678
1.2660618394
1.61085163313
1.14432512407
1.15532069836
1.38936935105
1.53545340944
0.969181333632
1.8260507299
1.45769899127
1.43884943534
1.39172554554
1.19616140285
1.28648219165
1.59278747537
1.47890474168
1.61320782762
1.14746671672
1.53388261312
0.501869426411
1.15296450387
1.66661490273
1.41214589779
1.06814150222
1.56608393781
1.58257729925
1.37523218411
1.22914812572
1.92579629665
1.50089589025
1.44120562983
1.52759942781
0.440608369666
1.24092909817
1.75222330254
1.73494454294
0.900066295253
1.55744455802
1.59749986435
1.51660385352
1.55430296536
1.19223441204
1.6328427817
1.02180301058
1.30061935859
1.93914806543
1.32810829431
1.85589586011
1.72002197784
1.81191356296
1.6736834862
1.67761047702
1.64305295783
1.75850648785
0.395055276189
1.62027641109
1.28176980266
1.59043128088
1.49618350127
1.73337374662
1.67603968069
1.02965699221
1.59907066068
0.64952428113
1.44591801881
0.717068523182
1.56137154883
1.6092808368
1.90223435175
1.64540915232
1.68153746783
1.3689489988
1.90380514808
1.56451314149
1.50403748291
1.5770795121
1.76871666397
1.72316357049
1.38308616574
0.652665873783
1.64933614313
1.88259939766
1.54330739108
1.31240033104
1.29512157144
1.90773213889
1.7380861356
1.63598437436
1.38779855472
1.69646003294
0.498727833757
1.72866135764
1.92972328747
1.78835161806
0.298451302091
1.13254415162
1.93600647277
2.04753301198
1.42392687024
1.99648213136
1.74044233009
1.82447993357
1.64776534681
1.33360608145
1.85903745276
1.65247773579
1.77735604377
1.42628306473
0.504225620901
1.70902640355
1.65483393028
1.48283173249
1.23543131102
1.61556402211
1.55901535434
1.40743350881
1.84568568398
1.5126768627
0.770475598293
1.83940249868
1.86374984174
1.82840692439
1.66033171742
1.20951317163
2.04988920647
1.68782065314
1.17574105061
2.02789805789
2.0255418634
1.97527638094
1.31789811818
1.89280957379
1.10819680855
1.43099545371
2.02161487259
1.91322992604
2.06088478075
2.13235601362
2.04439141932
1.41450209228
2.00276531666
1.58414809557
1.8904533793
1.99491133503
1.51424765903
1.91087373155
1.73101755213
2.16769893098
1.68546445865
2.05381619728
1.88731178664
1.961139214
1.6650441064
2.01925867809
1.81034276663
1.69253304212
1.83154851704
1.51974544617
1.88024320317
2.12764362464
2.26194671058
1.69488923661
1.47340695453
2.02946885422
1.67054189355
1.86846223072
1.85353966562
1.18909281938
1.85039807296
2.07266575321
2.05224540096
1.87474541603
2.22110600609
2.14963477322
1.62970118905
2.14413698608
1.13804193876
1.70274321825
1.80170338683
2.04203522483
1.60535384598
2.1135064577
1.99962372401
2.31299759121
2.00747770564
1.93129408379
1.4097897033
1.8174113501
1.60299765149
1.70509941274
1.87160382338
1.79149321071
1.58650429006
2.10251088341
2.11036486505
1.98862814972
1.91794231502
1.95799762135
2.1221458375
1.7145241907
1.62341800374
1.4891149178
1.79463480336
2.21482282078
1.19851759734
1.81426975745
2.09308610545
1.93365027828
2.29100644263
2.18183609792
1.84411488766
1.53074102046
1.96506620482
2.03339584504
1.97134939013
2.07973433668
1.98548655707
1.80563037765
1.82133834092
2.09779849443
2.24623874732
1.9933405387
2.07030955872
2.26037591426
2.21639361711
2.26430290507
1.77499984928
2.21953520976
1.52602863148
1.76478967315
2.27137148855
1.90066355542
2.15748875485
1.8967365646
2.36640466632
2.38682501856
2.01376089095
2.2894356463
2.35697988836
2.38918121306
2.26744449773
2.21246662629
2.14806397689
2.40017678734
1.97920337176
2.27372768304
2.2572343216
2.15984494934
2.56668119798
2.15277636587
2.49992235409
1.95014363972
1.69960162559
1.77264365479
2.31142679488
2.08287592933
2.58160376309
1.9462166489
2.28236706283
2.162986542
2.34676971223
2.11743344852
2.37504404611
2.39860599102
2.29414803528
2.45515465878
1.99176974238
2.16534273649
2.82272099925
2.321636971
2.3624776755
2.12607282832
2.09544229994
2.82115020292
2.28079626651
2.6028095135
2.31692458202
2.60516570799
2.19361707037
2.3302763508
2.03732283585
2.4653648349
2.23131618221
2.65700198677
2.22346220058
2.69862808943
0.488517657633
1.96899319564
1.76243347866
2.41902634326
2.81879400843
2.64522101432
2.67742233902
2.27922547018
2.48028740001
2.28707945181
2.30749980406
2.523484299
2.79837365619
1.95407063053
2.18419229241
2.59574093003
2.08680292015
2.36483386999
2.30435821141
2.49835155777
2.38446882407
2.51641571553
1.51032066821
2.64207942167
2.40724537081
2.3774002406
2.32556396182
2.75439135903
2.17162592179
1.6587609211
2.42609492673
2.39075200938
2.44572988082
2.19597326486
2.87141568538
1.10191362325
2.62715685656
2.20068565384
2.56511040166
2.77324091496
2.45122766796
2.883982056
2.61694668044
2.80936923047
2.17869450526
2.61459048595
2.1307852173
2.63344004187
2.39232280571
2.65150419963
2.41588475061
2.20775423731
1.80013259051
2.2980750261
2.91696877886
2.18733388506
2.19126087588
2.78109489659
2.4826435945
2.43709050102
2.763816137
2.77559710945
2.2423117565
2.0577431881
2.69391570045
2.58474535574
1.98155956625
2.78345109108
2.96959045581
2.35540909203
2.25409272895
2.09072991096
2.73240021046
1.50717907556
2.47478961287
2.63029844922
2.48735598348
2.19832945935
2.34205732325
2.80387144333
2.49442456695
2.73632720128
2.23524317303
2.7143360527
2.27765467385
2.86827409273
2.34912590672
2.61851747677
2.5941701337
2.57374978145
2.20382724649
2.95388249254
2.32870555447
3.01200195663
2.63579623636
2.66564136657
2.6758515427
2.35069670305
2.5297674843
2.92717895498
2.86513250007
2.89497763028
2.42295333408
2.59809712452
3.07090681888
2.44023209368
2.6114488933
2.46222324225
2.39546439836
2.42059713959
2.36090687917
2.95938027968
2.50463474307
2.75203516454
3.10389354175
2.55018783655
2.53762146594
3.01435815112
2.06716796606
2.71276525637
2.70883826556
2.91461258437
3.10232274542
3.09996655093
2.2509511363
2.70412587658
2.74496658107
2.01140469646
1.87867240685
3.10860593073
2.93817452927
2.37268785162
2.96801965948
2.67899313535
2.75753295169
3.0104311603
2.78894887822
2.58710155023
2.86277630558
2.74339578475
2.95074089988
2.48578518715
2.561968809
2.73082941413
2.84157055517
3.1070351344
2.70726746923
3.05048646664
2.62401526391
2.93660373294
2.95780948335
3.12981168114
2.96566346499
3.13530946828
2.65543119045
2.85884931477
2.33263254529
2.96095107601
2.28393785916
3.0661944299
2.66249977392
2.13549760628
2.72768782148
2.5706081888
2.60987809697
2.92482276049
2.88712364865
2.52112810451
2.66014357943
3.124313894
2.68134932984
2.93189134396
3.05441345745
3.08740018032
2.64757720881
2.72140463617
2.92953514947
2.97980063193
3.13295327379
2.8753426762
2.34441351774
2.89183603763
2.71826304352
2.97273204846
2.82664799007
2.53997766043
2.9460285109
2.78580728557
2.72533162699
2.37975643509
2.74732277556
3.04106168867
2.10879406872
3.12824088481
2.17398211628
3.07876080052
1.72709056131
2.76931392414
2.94838470539
2.51013253022
2.5556856237
2.38211262958
2.23917016385
2.4355197047
1.79777639602
2.83528736986
2.47871660368
3.00336257683
3.13766566277
2.44965687164
2.55961261451
2.98922540989
2.54311925308
2.89811922294
2.91147099171
2.13785380077
3.00571877132
2.7229754325
2.9782298356
2.07737814219
2.98608381724
2.84863913864
2.37033165713
3.01828514194
2.99786478969
2.45986704776
2.51248872471
2.41195775979
2.90911479722
2.90361701008
2.22817458956
3.02064133643
3.0339931052
3.11253292154
3.0599112446
3.08268779133
3.11724531052
3.09682495828
2.62087367126
2.98215682642
2.52662589165
2.47243341838
2.83136037905
2.9955085952
2.79287586904
3.05676965194
2.67192455188
2.94210152009
2.43002191755
2.85570772211
2.68370552433
3.02456832724
3.02692452173
2.85413692579
2.5470462439
2.53369447512
2.87926966702
2.68763251515
3.03713469786
2.33655953611
2.77795330394
2.59024314288
2.8517807313
3.04655947582
3.0748338097
2.9075440009
0.922057443829
0.936980008933
0.892997711783
0.864723377901
0.952687972201
0.974679120776
0.890641517293
0.940121601587
0.973893722613
0.951117175874
0.891426915456
0.86001098892
0.979391509757
0.917345054848
0.902422489744
0.950331777711
0.865508776064
0.900851693417
0.978606111593
0.972322926286
0.937765407097
0.904778684234
0.860796387084
0.948760981384
0.922842841992
0.97782071343
0.89928089709
0.939336203423
0.944048592404
0.898495498927
0.977035315266
0.944833990567
0.920486647502
0.942477796077
0.897710100763
0.976249917103
0.861581785247
0.945619388731
0.94326319424
0.946404786894
0.8969247026
0.86236718341
0.918915851175
0.953473370365
0.895353906273
0.89456850811
0.90399328607
0.947975583221
0.918130453012
0.863152581574
0.921272045665
0.893783109946
0.886714526476
0.889070720966
0.929126027299
0.93383841628
0.927555230972
0.913418064031
0.881216739332
0.960541953835
0.94090699975
0.912632665868
0.880431341169
0.961327351998
0.874148155861
0.967610537306
0.928340629136
0.879645943005
0.911847267704
0.911061869541
0.959756555672
0.908705675051
0.878075146678
0.933053018116
0.024407350017724424
0.031207944952247824
-0.012463020460575099
0.024018657317091758
-0.01211752523562196
-0.008062227608558035
0.009729160821102294
-0.001965110105515049
-0.002937038909459158
-0.008873216288596405
0.0021983295952962313
-0.006968065978002905
0.005737476147635933
-0.004263323501630081
0.004415709790316634
-0.004247484380517706
0.00270314307445544
-0.005469217093161996
-0.0008952531162547184
-0.00484319494002774
-0.003266884467929291
-0.0025818707002020947
-0.0034977827983441864
-0.0003090227466719829
-0.0030725277218426206
0.0004716399850832402
0.0029972476170805943
-0.00011298486481760039
0.002146793457140708
-0.0020288108549908236
0.0026845842037771946
0.0009986600825991922
-0.0025207285677593685
0.0011704432957701382
0.0007747172640857887
-0.0025702216601512637
0.001192831400845886
-0.0022726379318892542
-0.0011872289946278588
0.0021428924047353012
-0.00026045333915870325
-0.002319985831992538
-0.0002836658180174029
0.0022821951794913167
-0.0010943544609571434
-0.0019110236019604784
-0.0010361337930010954
-0.0018041935614983974
-0.0005369771870448077
0.0018349917868196815
-0.0006010463965100403
0.0017564164633715699
-0.0006067389345598473
-0.0017316476081512793
0.0007839455285232826
-0.0016396334651592123
0.001497068135076407
-0.0010014704642412901
-0.0006032991424524725
0.0016653209542768165
4.3943870931675265e-05
-0.0017195294967773944
0.0014766475152207855
0.0007730636061898266
-0.0016137822734225353
5.745461144589664e-05
-0.0013699888041636091
-0.0006576506563673475
0.001199545888332796
-0.0008033902444822285
-0.0013748527321775978
8.036122858213157e-05
-0.001318554681691059
0.00035796947438501226
-0.00030267651511848925
-0.001269739793671412
0.0012969635442368489
1.3610059005881304e-05
-0.001126797537731342
0.000501714573048216
-0.00039218127502753755
0.001098334835167898
0.0011588447100892773
-0.00012177322790067976
-2.947320065413206e-06
0.0011486847758466286
0.0009517417806382053
-0.000617668955932883
0.00012075890178131271
-0.0011172678335487447
-0.00012366235538590665
-0.0011108608405861285
-0.0011136917960994843
8.713206301845437e-05
-0.0007211721313216445
0.0008515300179190662
-0.0010750502151842087
1.224585865310425e-05
0.00036322337057748675
-0.000993139142405122
-0.0008603548605473795
-0.0006005942456014161
0.0009136260009426798
-0.0005022886816855536
-0.0008145834337324169
-0.0006486215801784398
0.0010332005439484657
-6.766782832515134e-05
0.00020622570390929032
-0.001009180403668269
0.0010273475811226525
-6.45667635196438e-05
-0.0009129594240747671
0.0004452236987898253
-0.0008740005923679502
0.0005101521287838691
-0.0002097357268710409
-0.0009597031415691564
-0.0008582373342885165
0.0004737515800672707
-0.00039947369782685583
0.000894267712350268
0.0008283236852209463
0.0004956121248150608
0.0006270306516808166
-0.0007091170739247843
-0.0007616544264040145
-0.0005537108249041909
0.000814820029728182
-0.00046394146919564354
0.0006405112244934284
-0.0006743939963084475
-0.0003550893627464457
-0.0008397203648094476
-0.000800035909566686
-0.000397839626422987
-0.0005239545087803508
-0.000712332756704975
-0.0007164606119494217
-0.0005108945864220333
0.0007651583994091107
-0.0004248200720409887
-0.0007638894097141426
0.0004067576888375381
0.0006612778155492589
-0.000557991737735755
-0.0008562388481081327
0.00012284482351687255
-0.00037622147688305425
-0.0007630192582838007
0.00022868245189901296
0.0008080477559182894
-0.0003670380078736838
-0.0007472022820573929
-0.0007896891552613814
0.00023390472158048355
0.0004584284513349043
0.0006780545883066085
-0.000153088176576617
-0.0007854031073928496
0.00019469893058338852
-0.0007738606965224184
0.0006023197140734419
-0.0005159663369989509
0.0007669903188229588
0.00016300536984685055
0.0006397019645679365
-0.00044950595514533267
9.166743110512927e-05
0.0007745547542935398
0.0004665591204500703
-0.0006127932083857033
3.238511716139081e-05
0.0007646095118451131
-0.0001572599821698572
0.0007375257027263533
0.0005186964022792946
-0.0005291725892917061
-0.0007197740461463883
-0.00016715298834759778
0.00030980626329712215
0.0006689817004331902
-0.0007183199632799125
9.912064848727297e-05
-0.000652773712237397
-0.00030766656457906737
0.0006846749406464714
-0.00021991452137819483
0.0005864904403388112
0.0004025569058354672
-0.0003589711216954484
0.0006135464455178178
0.000688795612824885
-0.00017227652225839245
-0.00048592548413487033
0.0005028038662741022
-0.0006846965238047714
0.00013200336240719014
-0.0006311161271314287
0.00029212924796238215
0.00023023026433768054
0.0006512885519513483
0.0005284812160300724
0.0004427859197203721
0.0002757608920452178
0.0006279566955025836
-0.0006022336981431151
0.0003007329017046749
0.0004871168369948178
-0.00046199825014572177
-0.0001772134132817827
-0.0006441755288058985
-0.0005334382122222816
0.00037411958886504935
0.0003886025007939707
-0.0005227247671648317
0.00058090008950455
0.00028702736072777776
0.0005953689782115537
0.0002453933485607472
-0.00012566917237416493
-0.0006302977279154529
0.0001229387892054712
-0.0006302908085966797
-0.0006364299577345864
7.474567835264857e-05
-0.0005468784814799989
0.00033269800296603815
0.00010353499822842485
-0.0006269727980803816
0.0006268643223273066
8.738729713972456e-05
-0.0003386749663521222
-0.0005337852452689285
-0.0005445084301127125
-0.0003166647533918107
0.0002569556151434068
-0.0005744208575510804
0.0005339655600919244
-0.0003310459497003903
0.0003675261308223579
-0.0005052659622816038
8.627237201162973e-05
-0.0006144975325709151
0.0005795716998191444
-0.00020970810301047522
0.0005042019642498135
0.0003523017749726876
0.00015577881773491526
0.0005945336369341243
-0.000568297469361019
0.0002247571105715686
0.0003918606307484569
0.00046736417313362154
-0.0005699270947601338
-0.0002142402321857568
-1.256665132571934e-05
-0.0006066843087290106
-0.00047018075494925665
-0.00037571234839223986
0.0005381577803311345
0.00026692040029456743
0.0002875306415351365
0.000524415560567081
0.0003675298830065562
0.00046269133948213635
-3.5921995110413136e-05
0.0005887344560844826
-0.00014585320886458463
0.0005693841886267265
0.0003169441108120812
-0.0004943485699323389
-0.0002104772846461292
0.0005467386815593444
-0.0005699568890248332
0.00013233918325306505
0.00019243889777059548
-0.0005470436235404829
0.00010566279474314572
0.0005662079944301284
0.0002680603726136235
-0.0005062190924476485
9.254139247817109e-05
-0.0005633059075608608
-0.0001220605865985837
-0.0005569350304493538
0.00022210790974894304
-0.0005207604427817521
-0.0005547477530799339
6.926468980451586e-05
0.0002666276026196857
-0.00048412938219204177
0.0005447200160476513
9.235071749159964e-05
-0.0005503260008850099
2.789230711345754e-05
-2.625227404089349e-05
0.0005481008559378864
0.0001647847889906351
0.0005189203770032851
0.0002760489164148701
-0.00046738552528047337
-0.000428409059913852
-0.00032148539908992093
0.00047745840354148684
0.0002407579945063493
-0.0003002899276884805
0.0004422355267958739
5.462502422938109e-06
0.0005306358488534253
0.0003921815001797938
-0.00034992588990716
-3.8173790366105796e-05
-0.000521929410498817
-0.00046392442800179253
0.0002419006779258969
7.107530714532832e-05
-0.0005129781427794666
-5.1236251209066985e-05
-0.0005131602572643468
-6.8737246133138835e-06
-0.0005106113495953371
0.0004873142655366149
-0.0001462848346460357
-0.00047077590485355666
-0.00018775751592538963
-0.000498014233563102
-8.627051319307228e-05
0.0001285409180115165
0.000486410866881221
0.00045289355073261116
-0.00021583190862474534
0.0003224386575281285
-0.00038246375773427207
1.3324518642814532e-05
0.0004991262982733062
0.00046240535183921937
-0.00018670500021781682
0.0004938446012124675
-5.9119939191662885e-05
-3.524952744459792e-05
-0.0004954003035017933
0.0004954263912565428
1.2322589777979675e-05
0.00011608760830792023
0.0004801423565185263
-0.00042523387688595796
0.0002475025842588028
0.00029568978813754353
0.00039289677688861567
-0.00018712304542264398
0.00045395423257169087
-0.00036252524052295067
-0.00033001858334410133
0.0002149941708553008
0.0004379332965854025
-9.33636903966963e-05
0.0004768390261396692
0.0003669047340278551
0.0003150034463533551
-0.0004596569705095136
0.00014544629861024865
-0.0001941846951174161
-0.0004380255067843346
0.00019653456265276143
0.00043622303334094634
-0.0004684335384427326
-6.054706032902718e-05
-0.00038258383991276193
-0.00027478436589044444
0.0003820097864254522
-0.0002665237580334424
-9.400147999196089e-05
-0.0004559613140952414
0.0004014411810848772
0.000228078018666567
-0.00040643065329615664
0.00020929416697432765
-7.712086772520332e-06
0.00045608725770390144
-3.38414134610171e-05
-0.00045200448426311235
4.283784282157542e-05
0.00045065859250402506
0.0003627984077793461
-0.00026843109064155467
-0.00040713798910511423
0.00019444024053113043
-4.0535105395310525e-05
0.0004492683139653133
0.00022137397718490138
-0.0003915384256350178
0.0002785034902720495
-0.0003518863202009841
-2.2129072127327844e-05
-0.00044609169225783794
0.00020219094996700153
-0.0003949108606505172
-0.00034448697865358224
-0.0002756723999228812
-0.0002640535096193774
0.0003499113239744709
-0.00042276945949837043
-0.00011557342756254884
-0.00023392976128913646
0.0003702933429422057
-0.0004179283342958301
-0.00012987835303142613
0.0004157653839452887
-0.00013513299148629012
-2.2644463009864544e-05
-0.00043453914308786475
-0.00042683342183640196
7.870627694662408e-05
0.00019185581338001156
0.0003890253471860279
0.00037908947950548923
-0.00020949969289588027
-0.00010527694658910965
0.00041735846981679023
0.00017567905398527462
0.00039250741099373346
-0.0002125108710672315
0.0003720108461848617
-3.3473527806966166e-05
0.00042698790729755575
-0.00018102472022016013
-0.000382046435507191
-8.546459045059888e-05
0.00041331873900468256
5.452173916534683e-05
-0.0004172174490654942
0.00026364633598064156
0.00032498401870476723
0.00037581445493837227
-0.00018028762510365797
-0.00023064047388359805
0.000347146862936306
0.00019763080681741587
0.00036174122547226364
0.00015075776345329703
-0.0003829505009217498
-0.00039753280315896027
9.954369029489391e-05
-8.001884584996855e-05
-0.0003993490472628726
-0.000147968156735524
-0.00037939432740733553
-0.00018199602701030995
-0.00036419963857623594
-0.00018735576199524874
0.0003584136492030219
-0.000401816019051148
3.363436555855484e-05
-0.00040213849396319843
1.4900022589389953e-05
0.0003573858197378391
-0.0001740576871466726
0.00013221017109251405
0.00037083175748575534
-0.00014949045479366573
0.0003637403395137333
0.0003751790319268433
0.00011745166831010146
-0.0001856992367894545
0.0003458851803685227
0.000119107632176776
0.00037044860976791715
0.0003872344959938654
2.4172841623615327e-07
0.00021906930425644015
-0.0003176972384556088
-0.00010059686114520724
-0.00037004851559156737
6.953201405206883e-05
-0.00037607764521164415
-0.00027777196988441335
-0.0002624809876581515
0.00025251768113693766
0.0002849400717609675
0.00011060923304678354
-0.0003605779690301084
0.00019889645162805895
0.00032043245160481
-0.00031505735144605194
-0.00020708133817202117
-0.00031863031039694066
-0.0001960279879370494
0.00012320680944862353
-0.00034911738134841
-0.00021425767730721873
0.0002995408996840662
0.00015869780895283721
0.00033154431904003004
0.00032432364317920706
-0.00016839965067247354
-0.00030152573471420817
-0.0002048129850408002
-0.00029055482235406613
0.00021789964661065325
7.878212779532271e-05
-0.0003531816835923479
-0.00032239910105964775
-0.00016323585163552007
-0.00035970499695191666
-2.2000418903121365e-05
-0.0001600218121950227
0.0003216426710488537
5.9464393767489466e-05
-0.0003520002293164587
0.0003399185322401809
-9.561667829830924e-05
-0.0003379142504412287
-9.49767830091329e-05
-0.0002306407917886118
-0.000263605513197249
-0.00029063731758195076
0.0001923186139294305
-8.01606860913981e-05
0.00033789794457175684
-0.00020123743699523692
-0.00028164864735479375
-0.0002792540208011077
-0.00019634925443071932
0.0003410296040385138
-7.17383100307556e-07
0.0002502685889442304
0.00023034908002281273
-0.0002979550128983747
-0.00016187946161744094
0.00033851797579275024
1.648805207481849e-05
-6.801557412132378e-05
0.00033061409320332165
0.00022469204769097134
-0.0002517842031093911
8.864103987901828e-05
0.0003254042798770212
8.508308848326207e-08
0.0003347062310999564
-0.0003311456414411658
1.7320825950478256e-05
0.0002680290884535501
-0.0001941365443358147
0.00016228416239192972
0.0002846685570425749
-0.00019485466311238084
0.0002621264262573296
0.00020657322214751007
-0.00024962952202555176
0.00028431727635240165
-0.00015312078500665354
0.0001364235646742153
0.0002905505274980249
-5.974951457564151e-05
0.0003139299987738017
-0.0002984947282397292
-0.00011213597976504146
-0.00030339495485746715
-8.46512272781078e-05
-8.15896155006997e-05
0.00030371282966395243
-7.2305495349445e-05
0.0003060029475132858
0.00015423454393195604
-0.00026931163707370086
-0.0002835727417464668
0.00011360362168245355
-0.0003019931353084016
4.1593665299862195e-06
6.977268920627961e-05
0.00029188914503096113
-0.00023696819224875486
-0.0001834809169583762
0.00029354174103267866
5.9356645835245735e-05
0.00015314658628451524
0.0002571590612771415
-0.00028130977118701696
-0.00010177963643987154
-2.1568050160319376e-06
-0.0002977290462793089
-0.0002571186517948233
-0.00014544896523584617
0.00015294841965163573
0.00024921612200461514
-0.00026087887080559336
-0.00013184061487369697
1.4258236668677648e-05
0.00029091115893784545
6.759593142624204e-05
0.0002825065667387373
-0.00015757994082257664
0.0002390339925854934
-0.00015693877028409296
0.00023932401769634286
-3.2688860587029464e-05
-0.00028413116011230397
-0.00028430776074114827
2.189728049921458e-06
-0.0002209806406358811
-0.00017675144721577163
-0.0002815320639980927
5.351205991741104e-06
0.00025838598093557314
9.986635078029265e-05
-0.0002663623074305837
-7.556688910632134e-05
-0.0002762578235800035
-4.105630628258846e-06
0.0001805137769705134
-0.00020579574417835746
-3.141776747124208e-05
0.0002705344128944717
0.00026278381023111586
7.126773157144639e-05
-0.00017259942739508347
0.00020978528884149397
5.269296193756637e-05
-0.00026632995131962463
2.2426915404476943e-05
0.00027032191793830074
-0.00012942942330883002
-0.00023778110018505554
0.0001513591836985348
0.00022295594701995263
0.00014141445133052514
0.00022919011046866383
-0.00011354774411805563
0.00024395769578737015
-0.00023809612162218891
0.00012439011460031835
3.696310221102234e-05
-0.0002643039383071264
-0.00013944488622541127
0.0002258981479687956
3.053151653126793e-06
0.00026517723832592736
-0.00014749398349531858
-0.00021543851953203808
-0.00021982274338054765
-0.00011931596719560885
0.0002453938631350164
3.524190067124788e-05
2.813523275734316e-06
0.00024640201960415657
-0.00024386521769282949
-1.3541835597274233e-05
0.00023427653938018058
-6.692794497708948e-05
-0.00023048684420714084
-6.907685513873284e-05
-6.067660702404325e-05
0.00023087293680404246
3.605671767084423e-05
-0.00023342088058831383
-0.00022575257089466012
6.863682915284453e-05
0.00021944786089699643
8.580816725505954e-05
-0.0001972276976038001
-0.00012514383353682952
0.00017928632439785376
0.00014923469960395353
1.662206806484606e-05
0.00022690153888759102
-0.00012969585983751665
0.00018643669560184612
0.00020422779292385754
-9.48754660136005e-05
3.452863816414198e-05
0.00022238492395902236
0.00019392688048062306
0.00011399827771386623
-0.00018627247800253222
0.00012323381064791207
0.00010968658541825079
-0.00019444077726746511
8.987066087483575e-05
0.00020391429489341982
-0.00021915826882499967
-3.904115694338406e-05
-0.00014031480882515884
0.00017259850447596663
-0.00016870161133165912
0.00014462653165212686
0.00016232290484507667
0.00015164210421054087
-0.00022023842050100594
-2.103423337422919e-05
-0.0001055860337454781
0.00019421728974328256
-7.470860399252135e-05
-0.00020769632905348373
0.0001365320730474416
0.00017233467982418006
-0.00021255750395575513
-5.6075830899973365e-05
0.00020664920776526153
-7.372383341194345e-05
-9.116298313884832e-05
-0.00019700661965008765
2.986861826581909e-05
0.0002138249776600153
0.00016420457825027697
0.00013638720561602116
0.00014657793673513852
-0.00014955099270367334
-0.00017242573047229748
-0.00011649637214616118
7.286913594554778e-05
-0.00019276439907690477
0.0001816609159961229
-9.713492762960657e-05
-0.00017136022395779538
-0.00011204347578192347
0.0001284590767411199
-0.0001583918032658586
0.00012227289287134035
0.00016094631321909525
0.00012854014607391128
0.00015536624546113041
0.00013139955662352056
-0.00015012471697771568
8.965136877784593e-05
0.00017757362765824763
9.360719826329767e-05
0.00017221942679605915
8.881276195684151e-05
-0.00017394722951612725
0.00019128438012620664
-3.612195722178824e-05
0.0001419626985710488
-0.00013048210068046222
3.263559695718378e-05
-0.00019002438029591873
7.234419994292459e-05
-0.00017850819094979292
-0.00019065960933071843
2.3721315814435373e-05
-0.00016416224863708998
9.827891383544685e-05
0.0001054293774285226
0.0001584886316692165
8.639597031771186e-05
0.0001693540303025043
0.00015312733608031372
-0.00011003745144082849
0.00012440956315523717
0.0001383054328140509
0.00018247232877020408
-2.524237061744336e-05
4.2556306322693594e-05
0.00017873409743154655
9.739797680879286e-05
-0.00015417124053168684
-1.3160033272315963e-05
0.00018003319027101315
0.0001125089017412661
-0.00014093766165237319
1.4203225474068972e-05
0.00017956353921402794
2.9861512017240114e-05
0.0001772864983817006
0.00010658347257826156
-0.0001439348700691822
8.55090840703431e-05
-0.00015728761411783844
-0.00013306187848025072
0.00011834593286042025
0.00012157298055650963
0.00012733779293770897
-0.00014036653313077608
-9.996843141524335e-05
-9.646017499425266e-05
-0.00014263598521983996
-1.2829016837556315e-05
0.0001700510038601305
-0.0001687365824995269
-1.025479622453318e-05
-1.8648329682119754e-05
-0.00016647330712539382
-0.00010092189638348167
0.00013012644836714394
0.00015579688953303782
5.230218273044846e-05
0.00016342127003754253
-1.3460962398459745e-05
-3.5175349738878884e-05
-0.00015962161599082552
-1.8817868189141218e-05
0.0001612248554398316
-9.586606797837925e-06
-0.00016101094561071948
0.000122194962699827
0.00010451731045099163
-0.00013067553917098227
9.280343418777375e-05
-0.00014212579494038942
7.173509148425789e-05
-3.625898659538698e-05
-0.00015468912932792132
-3.887588530500874e-05
-0.00015329092830496078
0.00011146628960352434
0.00011012865532938098
-3.4644501873339506e-05
0.0001519533268918724
0.0001456122665953401
5.5409808277129605e-05
2.227240340122559e-05
-0.00015396169707965383
-0.00013776647788980078
7.209405677870678e-05
0.00011199501791903327
-0.00010724625405866234
6.851179786065101e-06
0.00015417190437923956
0.0001379688677723608
6.731362404830157e-05
-0.00011718574877949794
-9.820405853661529e-05
-8.560031444283448e-05
-0.00012548173205905727
-0.00014514755787100762
4.269982690250185e-05
0.0001441891087437251
-3.5337420516149324e-05
-9.092603009152011e-05
0.00011638137487732571
6.485705541620512e-05
-0.00013156174603105365
2.6253392747006054e-05
0.0001442075870609424
-0.00014216193013123245
-3.278399916335436e-05
0.00012176359581753593
7.870975298364203e-05
6.534571319596387e-05
0.0001291522034359968
5.082202300924016e-06
-0.00014350982255507722
-9.348457916941324e-05
-0.00010872197384355992
-0.00012106505867154955
-7.280134267705233e-05
-5.700302356441394e-05
0.00012916131340686308
-0.0001381862432669048
-2.8525501752832966e-05
3.562713380171445e-05
-0.000132132562719395
2.1790810986593858e-06
0.0001367517036357146
4.073470374461802e-05
0.00012994540718625763
-0.0001279227483144637
-4.647301284474029e-05
0.00013434006187128204
-1.2403738642144476e-05
9.879769049127545e-06
0.00013344186989979893
2.1645761908049954e-05
0.00013181172616097536
-2.3230330452386815e-05
0.0001255585660627505
-7.626383550882201e-05
0.00010185334702189084
-2.7723574074010153e-05
-0.00012076753620004071
-9.590246290721632e-05
-7.840416075586193e-05
-6.544940943033312e-05
-0.00010499422595851243
-0.00012332258803695337
-5.5437624434894194e-06
-0.00011639182366872836
2.1895648136760925e-05
-0.00011448257086634811
2.9431262460414638e-05
-0.00011714904263137127
8.706572363675297e-06
-0.0001023347986118488
5.5686973530980957e-05
-7.734771636830782e-05
8.600356617058728e-05
2.004874624242231e-05
0.00011386484671439445
-4.91211113166939e-05
-0.00010460457315890294
-0.00010125188585914798
5.150715011089163e-05
-3.825047832322704e-05
0.00010605037641466952
3.7647311704083294e-05
-0.00010453547944926367
-0.00010697092363151739
-2.8289095229497603e-05
0.00010873823110285425
-1.779446204486812e-05
-0.00010889278928983117
-7.9015329697443e-06
8.141392967170656e-05
-7.133101286367868e-05
-2.7749772905428933e-05
-0.00010404060907047435
-9.377800614085563e-05
-5.0978042634598155e-05
-4.311998427931199e-05
9.680113183383525e-05
1.9301553013006695e-05
0.00010404255196754347
-9.525956035091693e-05
-4.598128978203531e-05
-0.0001000755486521014
-2.757577037513274e-05
7.606854218093581e-05
6.947801170742357e-05
7.631721621500657e-05
6.82704152151126e-05
4.955729170226596e-06
0.00010217711480568234
2.7774461031565723e-05
9.796370341190294e-05
-7.355275217354703e-05
6.978990842200059e-05
-2.3843289085829783e-05
-9.851997882587182e-05
-6.612882292858463e-05
-7.598532967664916e-05
8.617637798504624e-05
-4.860307611141765e-05
-2.106964051557847e-05
9.631392672666486e-05
6.255631454476982e-05
-7.584001532890144e-05
-7.44456608268601e-05
-6.419853735196177e-05
-7.183349179334054e-05
-6.685511797322519e-05
9.398456588353155e-05
-2.6462499494589202e-05
1.537568911428355e-05
-9.585296975646974e-05
-5.12735796224531e-07
9.701157851819115e-05
-4.681407499180303e-05
-8.473186734106896e-05
3.411172055147929e-05
9.02590041362637e-05
-8.370490681162406e-05
-4.729657733153905e-05
8.014193422493778e-05
5.211906940476879e-05
4.332567147300906e-05
8.497832871174435e-05
-9.192235037805397e-05
-2.009794831665318e-05
9.260196082852268e-05
1.0529026705041592e-05
-9.217186533613525e-05
9.423260111498009e-06
5.244981506091878e-05
-7.600347810354671e-05
7.577752475443025e-05
-5.164731585543641e-05
9.697065204367014e-06
9.08602601805619e-05
9.101833670612891e-05
7.491972283646953e-06
8.303822748879524e-05
3.787324826640939e-05
-6.763663346182667e-05
6.115580848649984e-05
4.3743348854217016e-05
7.984436478947088e-05
8.730035133523801e-05
2.4504852968678478e-05
-6.31239916082578e-05
6.45716727063326e-05
-8.728807799839994e-05
2.302722279157525e-05
6.59021361958938e-05
-6.074581010263522e-05
7.571437660991556e-05
4.762469820266915e-05
-5.036822907343142e-05
-7.370038810097634e-05
7.7972804649093e-05
-4.136179507529787e-05
-7.33209286687733e-05
4.672612007003357e-05
7.94430673062525e-05
3.054000873618301e-05
8.050788393661245e-06
-8.30020093231097e-05
-6.0593873498038855e-05
-5.652156881438902e-05
-2.2923628817965225e-05
-7.813456606015062e-05
-1.471807661765845e-05
7.994168996973942e-05
4.133088111789512e-05
6.989581758937227e-05
5.420710018394738e-05
-5.9620496862857974e-05
-7.468448923162641e-05
-2.797393586656166e-05
9.469472726676087e-06
7.880150548372185e-05
-7.024023887224362e-05
3.6618630694422036e-05
4.5587516865339044e-05
6.460427904671311e-05
6.700620733430237e-05
-4.12933936675415e-05
-7.431960225652677e-05
2.567805549088631e-05
6.905476216633178e-05
3.6021079705709046e-05
-5.966178477092132e-06
7.737245103506374e-05
-5.2214515611339166e-05
-5.610505560210888e-05
-6.1724280455458e-05
-4.448362855985769e-05
-6.180493529236425e-05
4.395226556719047e-05
7.260574881463819e-05
-2.1480173886466066e-05
7.422170396594697e-05
4.5294790357552415e-06
7.266684905247316e-05
-1.2039154764271e-05
-6.384883007974257e-05
3.610926555755398e-05
-3.934047435255661e-05
-6.175001936332816e-05
6.887202324774111e-05
1.5130697304060414e-05
-4.174410672212353e-05
5.6411716795619265e-05
4.399498805665447e-05
-5.406586673293923e-05
-2.076395189967084e-05
-6.587670408586892e-05
6.495705823226006e-05
-2.179686623701328e-05
5.879750569098707e-05
-3.3737401325924884e-05
6.481319685089174e-05
1.8605472323431572e-05
-6.69023560945146e-05
-2.034064008635962e-06
-6.218232571498703e-05
-2.4335816210825036e-05
-1.1640879643003108e-05
-6.528181355601214e-05
6.394669441939743e-05
-1.6662748212788263e-05
-6.533295808610973e-05
9.389547131018527e-06
5.74246072522188e-05
-2.8256700606415512e-05
6.24361530745653e-05
8.125549450193503e-06
3.433069766274731e-05
5.0473649109590015e-05
-5.653074564457712e-05
-2.1203988148381147e-05
-5.693447194320878e-05
2.0064143979314277e-05
1.311423672949906e-05
5.859328518977805e-05
-5.623189838876855e-05
-1.7394963539860363e-05
5.489294520673052e-05
2.118302436329869e-05
4.258891472886272e-06
5.8646446381362626e-05
-9.97657188283102e-06
-5.789967856439995e-05
5.7875476894382576e-05
5.018353260969221e-06
2.7225664466764574e-05
-5.020283535958292e-05
-5.260519284158549e-06
-5.6824047538314936e-05
3.5823356899153615e-05
-4.353691948036972e-05
4.9899728411029964e-05
-2.515016094396122e-05
-1.634527358557708e-05
-5.325292999516193e-05
4.5999514452410296e-05
3.089182366701687e-05
-5.407137657998853e-05
-1.1006811205357112e-05
4.697782109911579e-05
2.8833834271240283e-05
-5.285181221199488e-05
-1.3727855107075137e-05
-4.726740289059575e-05
2.4417229889339156e-05
2.7980634405212424e-05
4.505432983484953e-05
5.2390321695221566e-05
-4.6396322524265845e-06
-4.562644874124339e-05
2.5877506188344695e-05
-5.156552711990806e-05
8.616225766425345e-06
2.3986249090255658e-05
4.6346293697780736e-05
-4.0294285290234515e-05
-3.2458289854167835e-05
-5.105153342258162e-05
6.6453862560922614e-06
2.422465971327281e-05
4.4911667930784376e-05
-4.7403167284898864e-05
1.878929095975429e-05
1.3922644732209888e-05
-4.764959752098144e-05
6.3816177194439685e-06
4.873843340700673e-05
-4.196971383182069e-05
2.5539519603617417e-05
4.6412165095545696e-05
-1.4706699236828894e-05
3.215805369543551e-05
-3.609396452426883e-05
1.1074322290443305e-05
-4.686405150750289e-05
-3.4314277424853717e-05
3.280240504508929e-05
-1.30389330355703e-05
4.554104912809559e-05
4.105139272349305e-05
2.3058531800752735e-05
4.4639259727404234e-05
1.3386650512402898e-05
3.783572995740758e-05
2.6482989952645806e-05
2.9351267375199344e-05
-3.5624456289911565e-05
-3.9793666615104774e-05
2.2825242100462855e-05
-4.470726129009814e-05
-7.163193570902227e-06
2.771083320554832e-05
-3.5751374724212025e-05
-4.502212543273204e-05
3.706551854378182e-06
-7.840937755465127e-06
-4.411999645305875e-05
1.6173654916533663e-06
4.4712762472253e-05
2.9717620926087074e-05
3.247563242961421e-05
-2.395428188994328e-05
-3.641269117334352e-05
-3.048763354234568e-06
-4.336554278737692e-05
1.0795390018220218e-05
-4.198042610325451e-05
-3.150352701601106e-05
2.9763437346700924e-05
-3.0902497188461276e-05
-2.986454590092841e-05
-2.323760610061021e-05
-3.6146842770876695e-05
4.118156741528306e-05
6.1225612805898e-06
-2.5819386576268864e-05
-3.2489428702296136e-05
9.505502201971689e-06
-3.995236636781563e-05
4.0135519794437427e-05
-6.129637356534657e-06
1.9018473925907385e-05
-3.4854724568794295e-05
3.2653070019096506e-05
-2.2341329395028087e-05
-2.269738642683461e-05
-3.182190548464847e-05
-3.576526711964272e-05
-1.4209665175965128e-05
1.0912636079894817e-05
3.671137587544082e-05
-3.7694366406391375e-05
5.861991228216082e-06
3.2484134297727564e-05
1.991297493930031e-05
3.4441910970916226e-05
-1.55138261342517e-05
3.772480304630718e-05
4.113099333817871e-07
-6.311855646034439e-06
-3.71261344033413e-05
-3.259580500104431e-05
1.75923836668726e-05
2.9372833838499024e-05
2.215971436111252e-05
3.653654797595962e-05
3.5679643369739276e-06
-3.4657790245366496e-05
-7.588787118048667e-06
3.2925467318438335e-05
1.260124955463543e-05
1.0446079874264713e-05
3.351029887001061e-05
3.153805406845955e-06
-3.4263017768548786e-05
-4.951387599497259e-06
3.3980776763311045e-05
2.1839403657281085e-05
2.5818990770542837e-05
3.1314043736148375e-05
1.185114349202654e-05
-1.5846563586717656e-05
2.9427703106256974e-05
-1.4511541234052961e-05
-2.999824645358562e-05
-3.279700218928156e-05
4.66682327237089e-06
3.158098358792341e-05
-8.546631811214359e-06
-3.077998120892536e-05
1.0399980261991792e-05
-5.1533922889840656e-06
-3.145400618344028e-05
3.117517607553508e-05
-6.539674841228193e-06
-7.073471240903101e-06
-3.067642706085727e-05
-7.978092194691755e-07
3.14048371101896e-05
3.043702229844625e-05
-6.953596574065773e-06
2.7325504780705638e-05
-1.468022641467731e-05
-2.1154812273153772e-05
-2.2599060602932484e-05
6.103797597682564e-06
3.0312069445849604e-05
2.817602572857464e-05
1.1479647466005494e-05
9.568390005549875e-07
2.9754406319362352e-05
5.757961159029545e-06
2.9082547384798872e-05
-2.655890429187202e-05
1.298370862550935e-05
2.695414198631764e-05
-1.1895483523008621e-05
4.777391583459134e-06
-2.76262545457312e-05
-2.7177006419283495e-05
6.590574099662058e-06
2.6113985426614737e-05
-7.75864355984847e-06
2.6143082748611295e-05
-7.4137753971453835e-06
-1.8703151827672793e-05
-1.965832440304127e-05
2.863081621857111e-06
2.6917952289418345e-05
-9.147364636100357e-06
2.491076117920851e-05
2.1329651784719738e-05
-1.5651182067624892e-05
8.786969283235969e-06
2.4390588760201283e-05
2.530498069533449e-05
3.863357760051756e-06
1.6586636159930835e-05
1.932581149470369e-05
-1.7857316376555578e-05
1.810414927383172e-05
-2.1847490834478567e-05
1.2828462203556324e-05
2.5125383371268963e-05
-1.3162596792497538e-06
-1.9009311894287145e-05
-1.6391321861199625e-05
-3.3574070222832653e-06
2.448784968763218e-05
6.990965916876535e-06
-2.323061767926865e-05
-2.1774746237251285e-05
1.0066811191021791e-05
-1.5725330275186384e-05
1.8050569818815296e-05
9.766210398975073e-06
2.1805657283276602e-05
4.5079251517754493e-07
-2.3853641347241662e-05
-1.8166650001772477e-05
1.529605550967772e-05
-2.261952425788799e-05
-6.402563271673045e-06
2.684119025443854e-06
2.3351019516791527e-05
2.3405028114075077e-05
-1.1069459661743052e-06
-2.3089042072996446e-05
-2.644712813409125e-06
-1.8792794958369984e-05
-1.3338239421060858e-05
-8.53944649415217e-06
-2.122095715600464e-05
1.2609083563535517e-05
1.861865303626009e-05
-3.4237362484278305e-06
-2.1416723215466616e-05
3.090779346470285e-06
2.1360317111919493e-05
1.8417148087915266e-05
-1.117512116639552e-05
1.5914589000187274e-05
1.4407021111831897e-05
1.4901088174901656e-05
1.4932868002325183e-05
-1.2438960429145912e-05
1.701128418553033e-05
-3.2175550477013814e-06
-2.063915077174405e-05
2.0550662773374832e-05
3.329510503334965e-06
-4.631581050255962e-06
2.0240862139033588e-05
-1.9912711406772228e-05
5.479735495832011e-06
1.7995248095349138e-05
9.904795749761747e-06
-1.9827473411432318e-05
-5.070986153844381e-06
-1.8593959948763854e-05
-8.314923741413987e-06
1.2684477054076326e-05
-1.5851961422226334e-05
-1.9630456369152436e-05
-5.062781524174415e-06
1.9971955732497465e-05
2.8600747806002414e-06
1.7274499487070707e-05
1.0353896232219038e-05
-1.7311540862703478e-05
1.026038571648269e-05
1.5699443553021565e-05
-1.2178535884977783e-05
-1.8952896050880353e-05
5.6054102035943965e-06
-4.334179899451618e-06
-1.892901723593865e-05
1.752991937671261e-05
-8.115255101935337e-06
-1.896466864852686e-05
-3.3759355194857843e-06
-1.7638229475774204e-05
-7.4861777784311636e-06
1.4719745204395764e-05
1.1523352810536306e-05
-1.720184463121484e-05
-7.15577753315455e-06
-1.495153580650218e-06
1.8472995391446208e-05
-1.7141341998548527e-05
-7.016945238272225e-06
1.7956036425013283e-05
4.541312834120063e-06
-1.7993922914376848e-05
2.288957064126476e-06
5.082946631140839e-06
-1.7226857737897894e-05
-3.964996081235121e-06
-1.740169893776107e-05
-1.781290380468078e-05
-6.959356450424308e-07
-1.6379348215735625e-05
-6.910439207386043e-06
1.1807875402357503e-05
1.318101479024797e-05
8.431818741130304e-06
-1.5136238542222457e-05
1.0641568988172146e-05
1.3619003444366728e-05
1.5287477948997756e-05
7.5107944485439674e-06
-1.6752739375354014e-06
1.6787062805830388e-05
1.674694374054588e-05
1.415554561446649e-06
1.2158185975915114e-05
1.12517175052963e-05
1.6454175073901457e-05
-1.8404569314589558e-06
5.1273582619251145e-06
1.572009889967313e-05
1.6370021951313276e-05
1.20819937763908e-06
1.5160547540982339e-05
6.181071466765164e-06
-3.859952923360222e-06
1.5816629534266865e-05
1.5728224643046684e-05
3.6762132772001355e-06
-6.8774631799471405e-06
1.4508736330335115e-05
-9.327506699727622e-06
1.3064312258620305e-05
8.367643694376779e-06
-1.3685807561942612e-05
9.862759396829235e-06
-1.2385030393630674e-05
2.998197725198715e-06
1.5521454498326205e-05
-7.914604374026857e-06
1.342715284815016e-05
-1.5526373881469865e-05
6.993634601950432e-07
-7.076644155240653e-06
1.3766955094557152e-05
-1.3790016582557518e-05
-6.606803782707671e-06
-1.2722352584097082e-05
8.360401322562342e-06
1.0638505585403913e-05
-1.0776491606790285e-05
1.3130320175877674e-05
7.502474342299892e-06
6.4149472674902566e-06
1.3609240507634012e-05
-1.0918293235408938e-05
1.0315225030961994e-05
-9.178942332976669e-06
-1.1874013317210136e-05
4.590580614760586e-06
1.4182740162187373e-05
-5.75505188295818e-06
1.3703131378087687e-05
1.4812551574778122e-05
3.839639947491591e-07
-1.135243267217436e-05
-9.407619300910455e-06
1.2642656401948616e-05
7.526449267954281e-06
9.955240872284831e-06
-1.0815432614361242e-05
-1.3800978240581047e-05
5.058875820963413e-06
-6.54021418776779e-06
-1.2998133822309962e-05
4.252334140887465e-06
-1.3895928182160705e-05
-7.270516051117143e-06
-1.2356220353997749e-05
9.7255686564416e-06
-1.0528306558536038e-05
1.2028085360303697e-05
-7.658786673933493e-06
1.3492404717670642e-05
-4.52550943050831e-06
1.1696217795564733e-05
-8.043929866450305e-06
-1.4028793063557523e-05
-1.3110884091493275e-06
-6.7042799904766246e-06
1.2347867912908984e-05
1.7234875493222223e-06
1.3918201288025928e-05
-1.3732789207637916e-05
-2.7543782210742716e-06
1.2259176015684159e-05
6.6917594969454485e-06
1.3618192181569746e-05
1.0381665688166259e-06
3.06535568332148e-07
1.348057856957008e-05
-8.853312329940715e-07
1.3445248619389755e-05
1.3400470823556554e-05
1.2915982306662757e-06
-2.458043610573668e-06
-1.3218471943052812e-05
-3.2776297810968024e-06
-1.2943782668633941e-05
-3.815295198875503e-06
1.2703420325086867e-05
6.028413384490866e-06
-1.167371121429153e-05
-9.269649539069614e-06
9.270088329502505e-06
1.1443277436153824e-05
-6.310530288675814e-06
4.318468183508707e-06
-1.218234217496351e-05
1.2748826554657106e-05
1.7059474739022258e-06
1.0240858148572007e-05
7.780006144653156e-06
2.3264327779621008e-06
-1.2554535978037621e-05
7.557356793808933e-06
-1.0263695496367283e-05
-7.091668399792362e-07
1.2672968163539092e-05
-6.459480356993952e-07
1.264484443909225e-05
-9.703587388835783e-06
-8.10167312995086e-06
4.613429029361276e-06
-1.1670632389565193e-05
-9.764658721347935e-06
-7.72409035079913e-06
1.23727370760911e-05
-7.458345718185378e-07
1.0713020512360428e-05
6.108190430200139e-06
-2.9844494350363958e-06
-1.195336656533108e-05
5.2094863931279044e-06
1.0889500580165925e-05
-7.818476702819876e-06
-9.0812357306123e-06
-2.2488678642568272e-06
-1.17573280279392e-05
8.685079725727851e-06
-8.148662439058318e-06
2.1381527542662234e-06
-1.1709937348900815e-05
1.1370435756919095e-05
-2.8723360915068884e-06
4.479751393455064e-06
1.0746772499435286e-05
-5.995672157091125e-06
-9.855372044151767e-06
1.084104775205315e-05
-3.655315736178881e-06
1.1373203907749873e-05
1.0801462954859176e-06
-5.5732159762721184e-06
-9.798700079269195e-06
-9.509368541816134e-06
5.74651744304673e-06
9.40159670686571e-06
5.889245649287653e-06
-9.072979554852104e-06
-6.035788951099186e-06
-2.8513691800113387e-06
1.0484271781427599e-05
1.084245454413879e-05
-2.4211689159736596e-07
-5.854861724506732e-06
-8.87809043782824e-06
8.802719025238751e-06
-5.889584173966108e-06
-5.279399376784122e-07
-1.0533041547061014e-05
6.203315173409565e-06
-8.497710363510006e-06
-4.951034129153431e-06
9.167609415016432e-06
-8.694199016479832e-06
5.704730371474686e-06
-9.78923643418393e-06
3.3243537090115323e-06
-9.355624604574223e-06
4.162417540886424e-06
1.1143956078765848e-06
1.0174330844681196e-05
-5.511463839004582e-06
8.606256714389638e-06
7.3653726384451115e-06
6.859126943645859e-06
9.369080956404655e-06
3.6278554186013336e-06
-8.586141814507786e-06
5.036466096876691e-06
9.92263830040252e-06
2.771846729122916e-07
3.6667837696803264e-06
-9.207476207582221e-06
-1.7503416542477e-06
9.754101989271402e-06
-8.255874758512638e-07
-9.871988415164346e-06
-4.656196524274625e-06
-8.726180931079464e-06
9.231173063379766e-06
3.4794192162271864e-06
-2.744763617087864e-06
-9.45013714557319e-06
-9.627980616342208e-06
-1.5566796652450588e-06
-2.702294831946131e-06
-9.352078480486363e-06
5.891333140754407e-06
-7.623052928018126e-06
-1.406910698073749e-06
-9.504323222669738e-06
-9.519822834081693e-06
-9.29518088181095e-07
-3.687687825283642e-06
-8.78240214576026e-06
-2.9575788042561746e-06
8.992795172742291e-06
-8.111276790726333e-06
-4.6145839638707e-06
5.13530159264226e-06
7.777569683040345e-06
-1.4817319651994135e-06
-9.160015821235324e-06
2.18760098954221e-06
-9.015339661569339e-06
1.4418150796404739e-06
9.142505016470737e-06
-9.043378221766118e-06
-1.3530128235556272e-06
-8.437531650995904e-06
-3.3555250204492337e-06
-8.17634486881326e-06
3.3139004659819577e-06
1.542786467415097e-06
-8.662125651745178e-06
-7.673180233177562e-06
-4.284803467461303e-06
6.1048138950913666e-06
6.285766073741733e-06
-4.112631365813989e-06
-7.536933267610763e-06
7.12104753395798e-06
-4.597351840323814e-06
-8.339596865601163e-06
1.379336443637443e-06
8.43644381823027e-06
4.88732897532998e-07
4.8181887343791835e-06
-6.938781906406393e-06
3.6410840740177947e-06
-7.6133369530586165e-06
4.00785818331735e-06
-7.372510168053185e-06
1.3231562880047092e-06
-8.217674932253164e-06
-1.2958663875885582e-06
-8.162940306885697e-06
-5.276303023853998e-06
-6.351537381945764e-06
-7.3273267083013845e-06
3.5557311182117245e-06
7.997951018933815e-06
1.2119081092108499e-06
7.340976742209529e-06
3.3685613729726936e-06
7.923275685336573e-06
1.0467865611923575e-06
-7.720570490172967e-06
-2.0342543438083145e-06
7.905540194913886e-06
-1.0391295071780234e-06
-5.917587230255144e-06
-5.302000656400837e-06
-6.59314496049096e-06
4.214142609579988e-06
-3.707899391435005e-06
6.8335449844846015e-06
2.2946732620978095e-06
7.3929679510249744e-06
-9.98781590082598e-07
-7.568303224328277e-06
6.709699474802044e-06
3.4159395997733766e-06
-7.50575853194882e-06
-3.5012363571167853e-07
-1.6703385601665811e-06
7.224250923302519e-06
-3.5141542168916975e-06
6.400935619106006e-06
-3.466543092120189e-06
6.393993620552318e-06
7.2261740739506215e-06
-5.272724043657133e-07
-6.121074114449982e-06
3.855667589918121e-06
5.100843544433576e-07
7.067232457374537e-06
-6.678946700286209e-06
2.1570974108254105e-06
-6.707223723519784e-06
1.9269677278871966e-06
4.823257917252318e-06
5.015592720208461e-06
5.092326511217833e-06
4.732220457700081e-06
4.454347256062687e-06
5.261276954028393e-06
3.0280221173741016e-06
-6.170134200017913e-06
5.557671880546365e-06
3.946957462187369e-06
-5.831536659051229e-06
3.4019760938945792e-06
7.205457064340115e-07
-6.66584407714892e-06
-4.852730734703769e-06
4.548512237140867e-06
-1.4057060757909635e-06
6.425520014149949e-06
6.297981925891372e-06
-1.8031380858535493e-06
3.1896495914518903e-06
5.720502857939895e-06
-2.5068259910616536e-06
6.0134258139541846e-06
-4.2678411166135326e-07
-6.421982421166719e-06
1.6950612866540454e-06
-6.182517181228007e-06
2.906488541987835e-06
5.669451424357151e-06
-5.60911335141942e-06
-2.956315242817642e-06
-4.420072301413135e-06
-4.354281660800693e-06
-6.169317836074696e-06
1.48979646428668e-07
-5.378035786151369e-06
2.8576970040721794e-06
-1.1742288031774683e-06
-5.959092737267607e-06
5.901013438960448e-06
1.428223126355474e-06
5.087820916956198e-06
3.27967321042727e-06
4.750771169179508e-06
3.518755774475777e-06
-2.47604654570803e-06
5.222737894892691e-06
-1.9431401520391063e-06
5.330806538764179e-06
-5.248230604198205e-06
-1.9698060888929182e-06
-1.4429233401999988e-06
-5.383378709777079e-06
5.071149193168423e-06
2.2900755135754067e-06
-5.058103825501783e-06
1.943741907795804e-06
2.5947677667569475e-06
-4.674940179638806e-06
-5.2992089748371825e-06
-7.787668086256528e-08
3.847338873357586e-06
-3.6286616972168798e-06
-9.292006842235301e-07
-5.199595294571584e-06
-4.294249196860951e-06
2.9666857510773324e-06
2.709243632402408e-06
-4.453167312163636e-06
-2.7883628922805923e-06
4.356164598596446e-06
1.0938825618393156e-06
-5.02245032774834e-06
-1.0663846460249316e-06
-4.952163719478833e-06
-9.560905625576044e-08
-5.035918121637117e-06
2.8359000817783085e-06
-4.146089613490472e-06
4.849939025539846e-06
5.404452708899221e-07
-2.4532222601048037e-06
4.169440317011386e-06
4.639142246881861e-06
1.0919608607262293e-06
-2.0673035933441443e-06
4.20765400856004e-06
2.827396030682161e-06
-3.7310796711853556e-06
3.652600309984263e-06
-2.7993853269676074e-06
-4.1121746850631e-06
1.7414224745679468e-06
-8.696415626011645e-07
4.379124331179485e-06
-1.8196581052216066e-06
4.020369570625234e-06
-3.940147248862031e-06
1.804185035215594e-06
1.9412522901397637e-06
3.8615636506139325e-06
3.979012678060938e-06
-1.6444531359364051e-06
-2.9721509374384635e-06
3.0498109434493116e-06
4.127926139258734e-06
-6.941146369811024e-07
5.735253844316862e-08
-4.162743118172725e-06
-4.157544572828034e-06
-1.5472546593664482e-07
-4.505827663534301e-07
-4.104782876181455e-06
3.7556019237492413e-06
-1.4713992559837394e-06
-1.6258158587847179e-06
-3.6671089680770757e-06
-6.064825170824517e-07
-3.919448532530384e-06
-3.785289540660375e-06
9.108320600050845e-07
-3.7418949984883013e-06
8.527230034616439e-07
-3.2416326191891872e-06
2.0026088696875472e-06
1.0942068029295982e-07
3.798639223501432e-06
-3.6122414774245743e-06
-1.1148128399205357e-06
2.771757784271078e-06
-2.5691264645305577e-06
-3.7484740196083997e-06
1.3730505258144343e-08
-3.5875094457117133e-06
1.084727774654945e-06
3.194538250322898e-07
3.5472918288833934e-06
3.4371695002783573e-06
-7.4800027996888e-07
-2.0348027288677462e-07
-3.366422821022053e-06
-2.7151601390817507e-06
1.7745499930079955e-06
1.5179394915816047e-06
2.825150040940437e-06
-3.171030807501935e-06
3.361857774661081e-07
-1.982180004622254e-06
-2.4085821303191106e-06
2.8889102642824723e-06
-2.9705568219212662e-08
-2.6707693167877694e-06
8.676771810804395e-07
-1.4287512281520692e-06
2.3841662757895335e-06
2.7166289019372666e-06
2.1665208415770633e-07
-2.471556614366488e-06
1.139989820135412e-06
-1.918786794373375e-06
-1.8338434063617098e-06
-6.523423855799882e-07
-2.5566242408572165e-06
-2.0277764725419313e-06
-1.6088327444845896e-06
-1.3438883171587313e-06
2.123334954074234e-06
2.4032252882940085e-06
4.30240123330438e-07
1.3718774184522247e-06
-2.0124979679191495e-06
-1.7319634663875982e-06
-1.6639935205149114e-06
4.5686737087684107e-07
2.3468623705246717e-06
4.186469267779963e-07
2.3019404371056178e-06
-1.8690869046587843e-06
1.264981551072769e-06
-1.6692157647740651e-06
8.007601609996695e-07
-1.6418147526457773e-06
7.936390687199035e-07
-1.5635197362606768e-07
1.6959956262634496e-06
1.4297206841763395e-06
8.406058946506256e-07
1.0556259783561783e-06
-1.1538153549036714e-06
8.324774167005281e-07
-1.2464407923518662e-06
1.4649581074346608e-06
1.1754642139178567e-07
1.2820749738441106e-06
6.251755970373557e-07
-1.3227004868005405e-06
5.202567020547236e-07
2.621423589353987e-07
-1.3142732104344143e-06
7.605512066021793e-07
-1.0058172063014265e-06
1.119417187705301e-06
-4.183865570775106e-07
-4.0029942092335847e-07
-1.0117793951213427e-06
9.755819871941194e-07
-3.1641000283313956e-07
0.0
0.0
0.0
0.0
0.0
0.0
0.0
0.0
0.0
0.0
0.0
0.0
0.0
0.0
0.0
0.0
0.0
0.0
0.0
0.0
0.0
0.0
0.0
0.0
0.0
0.0
0.0
0.0
0.0
0.0
0.0
0.0
0.0
0.0
0.0
0.0
0.0
0.0
0.0
0.0
0.0
0.0
0.0
0.0
0.0
0.0
0.0
0.0
0.0
0.0
0.0
0.0
0.0
0.0
0.0
0.0
0.0
0.0
0.0
0.0
0.0
0.0
0.0
0.0
0.0
0.0
0.0
0.0
0.0
0.0
0.0
0.0
0.0
0.0
0.0
0.0
0.0
0.0
0.0
0.0
0.0
0.0
0.0
0.0
0.0
0.0
0.0
0.0
0.0
0.0
0.0
0.0
0.0
0.0
0.0
0.0
0.0
0.0
0.0
0.0
0.0
0.0
0.0
0.0
0.0
0.0
0.0
0.0
0.0
0.0
0.0
0.0
0.0
0.0
0.0
0.0
0.0
0.0
0.0
0.0
0.0
0.0
0.0
0.0
0.0
0.0
0.0
0.0
0.0
0.0
0.0
0.0
0.0
0.0
0.0
0.0
0.0
0.0
0.0
0.0
0.0
0.0
0.0
0.0
0.0
0.0
0.0
0.0
0.000523207269219
0.000673499977651
0.000687645104072
0.000573125246509
0.000626586122981
0.000503111116362
0.000414908479845
0.000567476465428
0.000548103537402
0.000512436857423
0.000508249794961
0.000200280984658
0.000585268379182
0.000556903097087
0.000496728887904
0.00054648142958
0.00043399519785
0.000481402382889
0.000474534243308
0.000508001112691
0.000375480653673
0.000504684563932
0.000217335691697
0.000416141582799
0.000575286296384
0.000524008726486
0.00042615011947
0.000756118312594
0.000653340442253
0.000414300643486
0.000377550417122
0.000542182733469
0.000523652945469
0.000453997668351
0.000478266425234
0.000461832388296
0.000390803932917
0.000508503815202
0.000421501363645
0.000651578969642
0.000306440990342
0.000224890599115
0.000510582346078
0.000489575566788
0.000395984176517
0.000405449032673
0.000486014510147
0.000561394406309
0.000386735030969
0.000610109978845
0.00060058774412
0.00050056008322
0.000495903548205
0.000542128377795
0.000434192214395
0.000694840432692
0.000491038172355
0.000393487399178
0.00054311112227
0.000378606038886
0.000450952305555
0.000572943568756
0.000485103864193
0.000404921815407
0.000330906297564
0.000520848931771
0.000485534572531
0.000531169575199
0.000634923059858
0.000368983083503
0.000620894823681
0.000519691486525
0.000471686020605
0.000537120422337
0.000357018593557
0.000517614245561
0.000332070107159
0.000515981485814
0.000384752784381
0.000351736116527
0.00041147458416
0.000519721002421
0.000397769075129
0.000491508129863
0.000474379130866
0.000386688591464
0.000446100270738
0.000405345439803
0.000407163065927
0.000497021771929
0.000380928180589
0.00041522932594
0.000335848809899
0.000585094847701
0.000448211168174
0.000369075878339
0.000505872091969
0.000373404938225
0.000471012466488
0.000442001814995
0.000405503978881
0.000509171600866
0.000650772716739
0.000195123778547
0.000414136648198
0.000553691089803
0.000498073056536
0.000415482918242
0.000533071261506
0.000467895185796
0.00034432646834
0.000476635033678
0.000385528928787
0.000538793146587
0.00044334886033
0.000541284317408
0.000414820227238
0.000442997718236
0.000353247268882
0.000432908011931
0.000462449905486
0.000462789453599
0.00042907934573
0.000376218872835
0.000373415508268
0.000306214007565
0.000450385679176
0.000483030101824
0.000413741176847
0.00037689886809
0.00036583956549
0.000389243397585
0.000329131419861
0.00042416173091
0.000442210694659
0.000382190214215
0.000348300141424
0.000358248609524
0.000326407805165
0.000347430701425
0.000392663171256
0.000377885710711
0.000330325631882
0.000382271861155
0.00048081495738
0.000277569596813
0.000478900280138
0.000471900210333
0.000416983024943
0.000421889467444
0.000305129930335
0.000270029785092
0.000424174259602
0.0003848252446
0.000464553487762
0.000447230722924
0.000549212126528
0.000439964176124
0.00053586899386
0.000375441789894
0.000349897159379
0.000443004322138
0.00039317205215
0.000380539183425
0.000368933604969
0.000352817819066
0.000401707248246
0.000449344689105
0.000419507651346
0.000373190613323
0.000398196663426
0.000360696073662
0.000490707359685
0.000330946729093
0.000159429761958
0.000407532110579
0.000569140947384
0.000272216265104
0.000450411131283
0.000552579558488
0.0003151106872
0.00036665176791
0.000421988361887
0.000447655275563
0.000506199238717
0.000364002638024
0.000363601143506
0.000423559059919
0.000465726229724
0.000416654139063
0.0005180000239
0.000376200878419
0.000504137761614
0.000464589289544
0.000356142992116
0.000396874444206
0.000484514483793
0.000388152658909
0.000335874865579
0.000443227789592
0.000410123911887
0.000474968479989
0.000495751474428
0.00035611192876
0.000559188527901
0.000503848594603
0.000383768281745
0.000524647383548
0.000465381170945
0.000479329702917
0.000358955516739
0.000451225579805
0.000622932002228
0.000439655706591
0.000329880544408
0.0003516536349
0.00025744960592
0.000351739695691
0.000461137755472
0.000336042467227
0.000438789158191
0.000466685435743
0.000402334540393
0.000529254001351
0.000394483818427
0.000421435262603
0.000471788229865
0.000639674328285
0.000283866228058
0.000292885945949
0.000276125743285
0.000291474398515
0.000286631843465
0.000405228519515
0.0002968265764
0.000345569876983
0.000473643325858
0.000598479567984
0.000287932026941
0.000565612858444
0.000367132667846
0.000308382633511
0.000620089850323
0.000326618479136
0.000356544827409
0.000283474301652
0.000602907448972
0.00034304976573
0.000392532086189
0.000414051186529
0.00039872946145
0.000394348215678
0.000358716808234
0.000487242534374
0.00053867297553
0.00044009095008
0.000512097187769
0.00026296484457
0.000475648112286
0.00038053868567
0.000442175997355
0.000509363922652
0.000429383070147
0.000516441748384
0.000330930455045
0.000413249791029
0.000355887922536
0.000397469220279
0.000567594639277
0.000373194898724
0.000255858470207
0.000412187131228
0.000215066088051
0.000348631376954
0.000373032327878
0.000333971868581
0.000392331034101
0.000397228789758
0.000259220010557
0.000366012714541
0.000374453344965
0.000341549900365
0.000449879469474
0.000335221594555
0.000237026097222
0.000501972987887
0.000414824614155
0.000468881290267
0.000326134496662
0.000316197461309
0.000367525452038
0.00037749857624
0.000344457769243
0.000374162652842
0.000420582888185
0.00025770434422
0.000505037740741
0.000693190447211
0.00046578426755
0.000341839154937
0.000429501340287
0.000442952204643
0.000196153660231
0.000257462736852
0.00031474517819
0.000355925700637
0.000461297297546
0.000488355510511
0.000466130571022
0.000397066403348
0.000571467361385
0.000303862356151
0.00027371568026
0.000340053266764
0.000256251089463
0.000442816288246
0.000253914982624
0.000426886561288
0.000321752636517
0.0003166784627
0.000282688967589
0.0003804690998
0.000401075592156
0.000294524581484
0.000559156678674
0.000140491007422
0.000526120878476
0.000324126384711
0.00051727976297
0.000232441463576
0.000252244846759
0.000443582588374
0.000486083549921
0.000544861381651
0.00035947020132
0.000453551221501
0.000591270756007
0.000325216047609
0.000453191729683
0.000466274954944
0.000249390363905
0.000271850102845
0.000247877024625
0.000277376628519
0.000499141562065
0.000467150874411
0.000309505493061
0.000445022461992
0.000478628049501
0.000455123389001
0.000429854989321
0.000225009446432
0.000319623522054
0.000420054359533
0.000425385007435
0.000374733562084
0.000368476865404
0.00037921856833
0.000391726141035
0.000347020801775
0.000362052411238
0.000209557283694
0.000525548722041
0.000395785063676
0.000345280393022
0.000350619267989
0.000452202619235
0.000478697666235
0.000393225918136
0.000457887274418
0.000292705688025
0.000192079701725
0.000327084080994
0.000381706553115
0.000678095511975
0.000390932806264
0.000425894903009
0.000384603952344
0.000423809114963
0.000548046207311
0.000392243047592
0.00036108025745
0.000453546796744
0.000216536291741
0.000368187592905
0.000241175112342
0.000291412006269
0.000561963596837
0.000267173494062
0.000344544587494
0.00052281961782
0.000351633564565
0.000615011039429
0.000343821800001
0.000582288747603
0.000498843077046
0.000333336254073
0.0005173643451
0.000505734964454
0.000288881119208
0.000509097431823
0.00036826195698
0.000356897782484
0.000771475395004
0.000529688110305
0.000219409801144
0.00052304238714
0.000402027046522
0.000341158418769
0.000297102074828
0.000304633851685
0.000308712653323
0.000394064513404
0.000342164955762
0.000437029630801
0.00035301881614
0.000532189690646
0.000311472263628
0.000243715535696
0.000581852878885
0.000470102615904
0.000272800201165
0.000454297878164
0.000395850550951
0.000298303962854
0.000260120650532
0.000647086680348
0.000399729664627
0.000371698876117
0.000491412099286
0.000275246528693
0.000406820715477
0.000507456262561
0.000631782247309
0.000139739133797
0.000424985003273
0.000345196367662
0.000394061472578
0.000399273888008
0.000264868829513
0.000382691787737
0.000219155995056
0.000430219500822
0.000499702823187
0.000404196598032
0.000458953228309
0.000461283881772
0.00037957790195
0.000362513037764
0.000464844122149
0.000381466049466
0.000426441256834
0.000142681573742
0.000539503747357
0.000274676210916
0.000476037476815
0.000357364423519
0.000431622053884
0.000497872344391
0.000225321010428
0.000524143980492
0.00016689323826
0.000366082587414
0.000184006808259
0.00041878721928
0.000409471752475
0.000530873243145
0.000354043448721
0.000417526197048
0.000418658207457
0.000399405569506
0.000401931590449
0.000406499083871
0.000297300865842
0.000507635602264
0.00037551873911
0.000297280905296
0.000148255361272
0.000287518129123
0.000331681457941
0.000372104515659
0.000235089596938
0.000280857953606
0.000336438867005
0.000359690026837
0.000321129199812
0.000214955828454
0.000402908827713
0.000290102797255
0.000318186716531
0.000530733235072
0.000471593721639
0.000229862414764
0.000248677377064
0.000501284990188
0.000610711477019
0.00028483319076
0.000441479747217
0.000449284478328
0.000394331987478
0.000312065842236
0.000196876008898
0.000430508984249
0.000365673243091
0.000369085375861
0.000494586902926
0.000371583228211
0.000340371352895
0.000380093181984
0.000263299702536
0.000226281779254
0.000601448156772
0.000601175378541
0.000267530586731
0.000531110542216
0.000306485977133
0.000226578650618
0.000441034264107
0.000594262305945
0.000464269394546
0.00030047418105
0.000136079307919
0.000509697001491
0.00031621538796
0.000255186238627
0.000503784556424
0.000358603162842
0.000377155840663
0.000287344214333
0.000445317897783
0.000162631149783
0.000292644585309
0.000366642889811
0.000346348165032
0.000429224977417
0.000668533403536
0.000473035331758
0.000193288432367
0.000416282010128
0.000292761077372
0.000530902399709
0.000575703651438
0.000255861200117
0.000306441037557
0.000344054555957
0.00042667459674
0.000332120674808
0.000457046538799
0.000399047662304
0.000663863761003
0.000398438596799
0.000376055842058
0.000410120165319
0.000459530231406
0.000374219804022
0.000339851748847
0.00034467518272
0.00045008145287
0.000449047761994
0.000270911731448
0.000202350223386
0.000413985147041
0.000403586891232
0.000349659946919
0.000264275055395
0.000132683688009
0.000309187537894
0.000459859103311
0.000330813718972
0.000289512031436
0.000657681599574
0.000497169718522
0.000243477277508
0.000426451517848
0.000443314189407
0.000400917077599
0.000412254852696
0.000376434769313
0.000175920919063
0.00044589553474
0.000429342652845
0.000529650344711
0.000517751323521
0.000252185219077
0.000168690991815
0.000402984951607
0.000290649616267
0.000316262105822
0.000376942114157
0.000426450241117
0.000272331642852
0.000493394125373
0.000454064378939
0.000727663371182
0.000475594561554
0.000391403747124
0.000422796744633
0.000344402363493
0.000281092973507
0.00016571470644
0.000311347223591
0.000482016901787
0.000263404958346
0.00031411094419
0.000339230910161
0.000280477274873
0.000527340705862
0.00038154278722
0.00039263431578
0.000366042748028
0.000415182466387
0.000595893234045
0.000315565677257
0.000386181778964
0.000454678736922
0.000245890857792
0.000251141304528
0.000482898963326
0.000428650766247
0.000368064395166
0.000341023304529
0.000361283740456
0.000394043474445
0.000430146774523
0.000226333456329
0.000358265856749
0.000267728514902
0.000312993400852
0.000441614660458
0.000307241533656
0.000522004849901
0.000504045014608
0.000492704290228
0.000587808606561
0.000387941909857
0.000370258298176
0.000403753704271
0.000402970379302
0.000496880931314
0.000803601069903
0.000471015019617
0.000422696083724
0.000383184857428
0.000415982719202
0.000345720000386
0.000407358589024
0.000629283910893
0.000483516999427
0.000421444926385
0.000258236872016
0.000208511318893
0.000163332783278
0.00071059033541
0.00040256137646
0.000390747825725
0.000209839445067
0.000416049872178
0.000337763095465
0.000388751239543
0.00027355187759
0.000481993133372
0.000512413792235
0.000357246501014
0.000312858135691
0.000324277214526
0.000441324290053
0.000504268891213
0.000430448370768
0.000318275253045
0.00037525830257
0.000304017456177
0.000478945098353
0.000411905873104
0.000545899048705
0.000365515943875
0.000392197338815
0.000332369198261
0.000361278808478
0.000238301806766
0.000695239245459
0.000437246730124
0.000444296941097
0.000340881003788
0.000407469710202
0.01
0.000289497010594
0.000216580552178
0.000622771637146
0.000427423472124
0.000487124517954
0.000400914587893
0.000316989128578
0.000421592709745
0.00035285005875
0.00034402839807
0.000409336161754
0.000366150786544
0.000285899791105
0.000294438030254
0.000422215500749
0.000271583677561
0.000371518740138
0.000319137453356
0.000321411033731
0.000319958050164
0.000402007715359
0.000190400850237
0.000365320330535
0.000532005314283
0.000451741939044
0.000372495309972
0.00041549990535
0.000380454741077
0.000135872915206
0.000409904370483
0.000407993253562
0.00039259751269
0.000326077828298
0.000371235824764
0.000208577028108
0.000386056476683
0.00055138301227
0.000362971264988
0.000381566453953
0.000364234389861
0.000577201769956
0.000304408294982
0.000431061931799
0.000369040543598
0.000414447300468
0.000322917727776
0.000383345910957
0.000345768857629
0.000444451294883
0.000460419929307
0.000296915644846
0.000287926418567
0.000356258363303
0.000413891632123
0.000403489562041
0.000356216248828
0.000371844000125
0.000418004508926
0.000484195234671
0.000526206189673
0.000445883214604
0.000335808517896
0.000214737687531
0.000546040874884
0.000375454751196
0.00011670318485
0.000320696043844
0.000354336854546
0.000357733805897
0.000330796650934
0.000342785798282
0.000369348118654
9.78904836223e-05
0.000428481914885
0.000284415989175
0.000374740661629
0.000431073913169
0.000251046918147
0.000320570013331
0.000346658187035
0.000313856136743
0.000304371005409
0.000437377289784
0.000250918431133
0.000470688268053
0.000402826171821
0.000381597042866
0.000360044109508
0.000350979841738
0.000332845356815
0.000301635987835
0.000304491649624
0.000335202894262
0.000299770630082
0.000275177013731
0.000330271993038
0.000355187367474
0.000308673516724
0.000384822689595
0.000251436931395
0.000304125420732
0.000332704846322
0.000323702598935
0.000387420099992
0.000456312183516
0.000333369041407
0.000377123259539
0.000322147230716
0.000410528628298
0.000410118730276
0.000393875531456
0.000349949334619
0.000338621532623
0.000343458461358
0.000281885086237
0.000290585215954
0.000392825785754
0.000247592610546
0.000369266574229
0.000506988493901
0.000249854465368
0.000320701513461
0.000437356623154
0.000280487381843
0.000497329905918
0.00035705532346
0.000214145393193
0.000274281579828
0.000266409072914
0.000332503307311
0.000302743188406
0.000428728335211
0.000306422221919
0.000298819318885
0.000352450111072
0.000279412385659
0.000330438685527
0.000259600456441
0.000296736849867
0.000374715862998
0.000248991279281
0.000255179934033
0.000259337290756
0.000347237040584
0.000379744502473
0.000297665339645
0.000299895306197
0.000339407374618
0.000311837430515
0.000253834660875
0.000325296397635
0.000399985128509
0.000197515245472
0.000299977322304
0.000351897013955
0.000333341030117
0.000254798657347
0.000203218916306
0.000310188902735
0.000252797367055
0.000155386254316
0.000324436919337
0.000410231539894
0.000321810489357
0.000421157516897
0.000316551031435
0.000280767411161
0.000371675231505
0.000292587564792
0.000381208465088
0.00032507423855
0.000299950993934
0.00030687827626
0.000311891484851
0.000314858091271
0.00025462430963
0.000376147412432
0.000360246467633
0.000321694598619
0.000246168584413
0.000253034030148
0.000285054466604
0.000356418036304
0.000204106906372
0.000287492761988
0.000309136225012
0.000380466516556
0.00026714011389
0.000298412430024
0.000281044474783
0.000348604721189
0.000158738599257
0.000350416716519
0.000193625946844
0.000220532076696
8.06756011466e-05
0.000274030867932
0.000202342674911
0.000392386096948
0.000239331594606
0.000139897774768
0.00017573829881
0.000221357873739
5.76883817609e-05
0.000233149196668
0.000183662806811
0.000298445098003
0.000204619634166
0.000351708169499
0.00025827228328
0.00022657345018
0.000125285633413
0.000215449783673
0.000210778567257
0.000186183935066
0.000209147592713
0.000219991273521
0.000186407309914
0.000166705614484
0.000219369320321
0.000241665198829
0.000285995648617
0.000374000206291
0.000194219929971
0.000301780365832
0.000239248707067
0.000204894955702
0.000253735243223
0.000208159526505
2.9333598795e-05
0.000139994635535
0.000224764849681
0.000187828184494
0.000360957750803
0.000186126074858
0.000257373348776
9.75430057069e-05
0.000159563220598
0.000272871609794
0.000171942581244
0.000216491351231
0.000144213887744
0.000155599162444
0.00011696367678
0.00023513717785
0.000189746012377
0.00012560431605
0.000140625684341
0.000121971137177
0.000106972518903
0.000212904370795
0.000160768690232
0.000112787381459
7.77369807354e-05
4.75458339988e-05
8.92179194026e-05
0.000131020853791
0.000111261830166
9.75595090281e-05
6.3760053997e-05
6.53116982258e-05
5.25148107214e-05
2.72837850991e-05
0.000195045573213
5.28524297544e-05
0.5
0.5
0.5
0.5
0.5
0.5
0.5
0.5
0.5
0.5
0.5
0.5
0.5
0.5
0.5
0.5
0.5
0.5
0.5
0.5
0.5
0.5
0.5
0.5
0.5
0.5
0.5
0.5
0.5
0.5
0.5
0.5
0.5
0.5
0.5
0.5
0.5
0.5
0.5
0.5
0.5
0.5
0.5
0.5
0.5
0.5
0.5
0.5
0.5
0.5
0.5
0.5
0.5
0.5
0.5
0.5
0.5
0.5
0.5
0.5
0.5
0.5
0.5
0.5
0.5
0.5
0.5
0.5
0.5
0.5
0.5
0.5
0.5
0.5
0
