0.0227765467385
0.0298451302091
0.0274889357189
0.0416261026601
0.0329867228627
0.0400553063333
0.0439822971503
0.0502654824574
0.0604756585816
0.0589048622548
0.0188495559215
0.0699004365424
0.0471238898038
0.106028752059
0.109170344712
0.0746128255228
0.0172787595947
0.065188047562
0.011780972451
0.112311937366
0.113882733693
0.551349510705
0.0541924732744
0.00942477796077
0.0942477796077
0.057334065928
0.00314159265359
0.0966039740979
0.0832522053201
0.130376095124
0.33065262679
0.0918915851175
0.552920307032
0.580409242751
0.73277648645
0.588263224385
0.297665903928
0.532499954783
0.603185789489
0.61025437296
0.754767635025
0.907134878724
0.2081305133
0.578838446424
0.133517687778
0.341648201078
0.757123829515
0.986460093227
0.0777544181763
0.24975661596
0.123307511653
0.179856179418
0.574911455607
1.07599548385
0.370707933124
0.125663706144
0.763407014822
0.598473400509
0.318871654339
1.01237823262
0.16179202166
0.955044166691
0.259966792085
1.06814150222
0.256825199431
0.912632665868
0.232477856366
1.02494460323
0.120951317163
0.611825169287
0.245829625143
0.993528676698
0.417046424764
0.219126087588
0.592190215202
0.237190245346
0.564701279483
0.643241095823
0.537997741927
0.0801106126665
0.344004395568
0.431183591705
0.56627207581
0.332223423117
0.265464579228
0.555276501522
0.991172482208
0.212057504117
0.228550865549
0.398982267006
0.549778714378
0.936980008933
1.12783176264
0.296095107601
0.878860544842
0.163362817987
0.217555291261
0.465741110895
0.605541983979
0.439037573339
0.20341812432
0.210486707791
0.101316363078
0.869435766881
0.641670299496
1.05636052977
0.801891524829
0.174358392274
0.569413668463
0.981747704247
0.57098446479
0.638528706842
1.04457955732
0.747699051554
0.794037543195
0.905564082397
0.223838476568
0.844303025652
0.740630468084
0.622035345411
0.556847297849
0.36285395149
1.17338485612
0.503440222738
0.576482251934
0.833307451365
1.01080743629
0.876504350352
0.520718982333
0.69115038379
0.999026463842
0.601614993162
0.596117206019
0.373064127614
0.514435797025
0.512079602535
0.244258828817
1.09563043794
0.15943582717
0.704502152568
0.614181363777
0.32122784883
0.590619418875
0.322798645156
0.436681378849
0.213628300444
0.65894905909
0.775187987273
0.11780972451
0.186924762889
0.563130483156
0.368351738633
0.308661478215
0.238761041673
0.5364269456
0.356570766182
0.706858347058
0.924413638319
0.940121601587
0.45317474028
0.139800873085
0.761836218496
1.17181405979
0.446891554973
0.627533132555
0.172002197784
0.480663675999
0.666803040724
0.428827397215
0.700575161751
0.717853921345
0.312588469032
1.0492919463
0.469668101712
0.543495529071
0.728064097469
0.929126027299
0.545851723561
0.272533162699
0.306305283725
0.850586210959
0.852157007286
0.586692428058
0.201847327993
0.493230046614
0.458672527424
0.396626072516
0.989601685881
1.0579313261
1.08542026182
0.440608369666
1.23150432021
1.01866141793
0.146869456555
0.676227818685
0.655022068273
0.648738882966
0.73042029196
0.142942465738
1.15767689285
0.183783170235
0.57334065928
0.16650441064
0.409977841293
0.6565928646
0.489303055797
0.885929128312
0.384845100065
0.358926960673
0.890641517293
0.490873852123
1.22286494041
0.508152611718
0.345575191895
0.768904801966
0.625962336228
0.85765479443
0.152367243699
0.226980069222
0.248185819634
1.06657070589
0.422544211908
0.69586277277
0.827024266058
1.32889369247
0.530929158457
0.918130453012
1.01473442711
0.407621646803
0.871006563208
1.28176980266
0.347931386385
1.33124988696
0.900066295253
0.808960108299
1.00530964915
0.505011019065
1.3775883786
0.241117236163
0.680154809502
0.624391539901
0.742986662574
0.526216769476
0.450033147627
0.32594023781
0.842732229325
0.957400361181
0.475951287019
0.497942435594
0.285099533313
1.17888264326
0.770475598293
0.835663645855
1.36188041533
0.674657022358
0.807389311973
0.150796447372
1.03751097385
0.969181333632
0.78147117258
0.629103928881
0.686437994809
0.389557489045
1.02101761242
1.20951317163
0.425685804561
0.317300858013
0.893783109946
1.47811934351
0.275674755353
0.953473370365
0.689579587463
0.914988860358
1.22129414408
1.24092909817
1.21579635694
1.03594017752
1.08384946549
0.222267680241
1.13490034611
0.699004365424
0.149225651046
0.838019840345
1.33282068329
1.21344016245
0.354214571692
0.739059671757
0.709999939711
1.03908177017
1.20087379183
0.215984494934
0.960541953835
1.05400433528
1.27313042287
0.235619449019
0.4484623513
1.09091804896
1.00766584364
0.340077404751
1.46241138025
0.735918079103
1.13254415162
0.779900376254
1.23464591286
1.23307511653
1.45141580596
0.387986692718
1.28334059899
1.57236712312
1.47262155637
1.11840698468
0.931482221789
0.86236718341
0.451603943954
1.2982631641
0.683296402156
0.996670269351
0.442964564156
1.16788706897
1.0642145114
0.197134939013
0.252112810451
0.725707902979
0.415475628437
1.37994457309
0.506581815391
1.31240033104
0.336935812098
0.329081830464
0.720995513999
1.03436938119
0.278816348006
1.59278747537
0.467311907221
0.652665873783
0.200276531666
1.16396007816
1.10112822508
0.845873821979
0.192422550032
1.05950212242
0.445320758646
0.90399328607
1.26684723756
1.02965699221
0.713926930528
1.45848438943
0.518362787842
0.867079572391
0.922057443829
0.69350657828
0.402123859659
1.51817464985
0.48773225947
1.55587376169
0.461028721914
0.350287580875
1.36580740615
1.39565253636
1.56294234516
1.19144901387
0.856083998103
0.746128255228
0.81131630279
1.1050552159
1.42314147208
1.02808619589
0.282743338823
1.1372565406
1.55037597455
1.45612819494
0.380918109248
1.18280963408
1.0320131867
1.47026536188
0.86001098892
1.08856185447
0.280387144333
0.608683576633
0.230907060039
1.28648219165
0.896139304436
0.376991118431
0.288241125967
0.751626042371
1.24956847797
1.18595122673
1.28491139532
0.464170314568
0.393484479862
0.314944663522
0.631460123372
0.301592894745
1.12626096631
1.12390477182
0.790110552378
0.36521014598
0.783827367071
0.472024296202
1.02337380691
0.155508836353
1.26449104307
1.11683618835
0.791681348705
1.25663706144
1.14668131856
0.803462321156
1.63048658721
0.52935836213
1.42706846289
0.484590666816
1.16160388366
1.17024326346
1.34460165574
1.11290919753
1.35638262819
1.44513262065
1.54801978006
0.848230016469
0.777544181763
0.290597320457
1.55430296536
0.805033117482
1.51189146454
1.00295345466
1.22914812572
0.799535330339
1.15296450387
1.27705741368
0.678584013175
1.34303085941
1.04772114997
1.29433617328
1.59671446619
0.541924732744
1.20794237531
1.22600653306
1.24407069082
1.34067466492
0.647168086639
0.910276471378
1.32732289614
0.634601716025
0.189280957379
1.20558618082
0.786968959724
1.58100650292
1.37523218411
1.55744455802
1.49853969576
0.94326319424
1.5857188919
1.14039813325
1.25349546878
0.672300827868
1.57079632679
1.6886060513
1.26056405225
0.405265452313
0.620464549084
1.30140475675
1.55273216904
1.53623880761
1.48361713066
0.882002137495
0.864723377901
0.874933554025
1.56137154883
1.119977781
0.664446846234
1.39957952717
1.43570784269
1.65169233762
1.49618350127
1.67839587518
1.65404853212
1.57393791945
1.360309619
1.62184720742
1.51660385352
1.19537600469
1.41685828677
1.47654854719
0.534856149274
1.09877203059
1.31946891451
1.58336269741
1.0170906216
0.361283155163
1.39094014738
1.38230076758
1.48754412147
1.43178085187
1.54252199291
1.5213162425
1.6328427817
1.45455739861
1.60771004047
0.716283125018
1.66190251375
1.480475538
1.07992247467
1.69567463478
1.04300876099
1.39408174003
0.0887499924639
1.66347331008
1.63834056885
0.28667032964
1.29040918246
1.14353972591
1.68546445865
0.830951256875
1.68075206967
1.12233397549
1.5299556223
1.67603968069
1.69960162559
1.66033171742
1.52288703883
1.63441357803
1.15610609652
1.66897109722
0.82074108075
1.63676977252
1.3862277584
1.10976760488
1.34931404472
1.75143790438
1.54016579842
1.48990031596
1.37209059146
1.57865030843
0.935409212606
1.23700210735
0.662090651744
1.68389366232
1.35167023921
1.74044233009
1.84175869317
1.79306400704
1.57629411394
1.72237817233
0.420973415581
1.50403748291
1.71923657968
1.51424765903
0.824668071567
1.50717907556
1.80641577581
1.52759942781
1.90380514808
1.61556402211
1.68703525498
0.888285322803
1.41293129595
1.30768794206
1.39800873085
1.44905961147
1.36423660982
1.600641457
1.26292024674
0.81602869177
1.59121667904
1.31711272002
0.973108324449
1.70195782008
1.15060830938
1.32339590532
1.44042023167
1.5684401323
1.33831847043
1.802488785
1.51032066821
1.40272111983
1.6736834862
1.76714586764
0.263108384738
1.70824100539
1.40821890697
1.3045463494
1.87396001787
1.99019894605
0.510508806208
1.06185831691
1.71138259804
1.74908170989
1.69803082927
0.618108354594
1.7145241907
1.76400427499
1.72866135764
1.80955736847
0.964468944652
2.0491038083
1.65561932844
1.87003302705
0.669944633378
0.967610537306
1.40507731432
1.8990927591
1.80484497949
1.83390471153
2.03182504871
1.64697994864
0.772831792783
1.87160382338
1.62891579089
1.69096224579
1.7530087007
1.96192461217
1.73258834845
1.36816360064
0.269391570045
1.97213478829
1.56608393781
2.02397106708
1.90694674073
1.85746665643
0.501869426411
1.83626090602
1.85903745276
1.90066355542
1.76243347866
1.97684717727
1.61242242945
2.00669230748
2.03025425238
0.496371639267
1.73572994111
1.81191356296
1.66740030089
1.9548560287
1.38858395289
0.797179135848
1.7702874603
1.33596227594
2.08366132749
1.89595116644
1.08227866916
1.95092903788
1.85353966562
1.91558612053
1.85589586011
2.01219009462
1.81662595194
0.977035315266
1.17731184693
1.62577419823
2.04753301198
1.98862814972
1.97527638094
1.89359497195
2.1135064577
1.79070781255
2.14884937506
1.9462166489
2.0019799185
1.89752196277
1.50168128842
2.2336723767
1.71766578335
1.78285383091
1.62027641109
1.95328523237
1.75536489519
1.07128309487
1.53466801128
2.05381619728
2.11115026321
0.560774288666
1.86374984174
1.84647108215
1.85118347113
1.96506620482
2.11586265219
1.87710161052
1.82683612806
1.64226755966
1.54644898373
2.081305133
1.99883832585
2.1072232724
2.15042017138
2.26822989589
1.52602863148
1.82055294276
1.93443567645
1.77264365479
1.96035381584
2.18026530159
2.07345115137
1.83076311888
2.14178079158
1.95721222319
1.58886048455
2.16612813465
1.82840692439
2.07580734586
1.86217904542
1.86846223072
2.19990025568
1.92579629665
1.98155956625
2.03810823402
2.07109495688
1.94150425992
1.99648213136
1.49382730678
2.25566352528
2.15356176404
1.79777639602
2.14727857873
1.9140153242
2.15199096771
1.86060824909
2.2101104318
2.06324097525
1.77971223826
1.87945780501
2.21325202445
1.46712376923
1.28019900634
1.89202417562
2.02632726157
1.77735604377
2.06167017892
2.35697988836
2.32792015631
2.21953520976
2.24545334915
2.08601752198
1.94386045441
2.09701309627
2.3860396204
2.14020999526
1.82290913725
2.23602857119
1.7852100254
2.17476751445
2.23210158038
2.08758831831
2.18340689424
2.01847327993
1.78835161806
2.10094008709
1.76086268234
1.9933405387
2.28472325732
1.60535384598
2.60987809697
2.19126087588
2.35148210121
2.36169227734
1.7058848109
1.96820779747
2.01611708544
1.98627195523
1.91794231502
0.946404786894
2.45751085327
2.0341812432
2.34362811958
1.97056399196
2.29414803528
2.67742233902
1.72630516315
1.88888258297
2.46379403858
2.30514360957
2.75203516454
2.75831834985
2.05695778994
2.04203522483
2.00904850197
2.35305289754
1.92186930583
2.22189140425
2.60830730064
2.19754406119
2.78502188741
1.74594011723
2.46693563123
1.91008833338
2.64286481983
2.63186924554
2.29886042426
2.21796441343
2.46143784409
2.34912590672
2.321636971
2.67270995004
2.2273891914
2.18497769057
2.30200201692
2.76145994251
1.94935824155
2.1221458375
2.42766572306
2.32320776733
2.60359491166
2.29022104447
2.38211262958
2.33106174896
2.1951878667
2.17241131996
2.60595110615
2.27922547018
2.52034270634
2.12921442097
2.36326307366
2.7787387021
2.26037591426
2.27137148855
2.51877191002
2.50306394675
2.76303073883
2.60123871717
3.03556390153
2.34755511039
2.26194671058
2.75674755353
2.41274315796
2.48028740001
2.18811928323
2.45594005694
2.62401526391
3.07247761521
2.24388255283
2.5556856237
2.16455733832
2.13314141179
1.9289378893
2.58160376309
1.93129408379
2.15905955118
2.1370684026
2.77716790577
2.76931392414
2.90990019539
2.64050862534
2.90440240824
2.77402631312
2.62715685656
2.20853963547
1.83940249868
2.65071880147
2.6177320786
2.80701303598
2.6350108382
2.76460153516
2.90597320457
2.36561926815
2.38054183326
2.64679181065
2.53447987328
2.48578518715
2.33420334162
2.31849537835
2.09230070729
1.88338479583
2.34598431407
2.93581833478
2.10408167974
2.39232280571
1.26998883021
2.45986704776
2.00512151115
2.96723426132
2.16220114383
2.81408161945
2.91225638988
2.1692697273
2.32556396182
2.22424759874
2.74732277556
1.75772108968
2.41981174143
2.91618338069
3.07090681888
2.94053072376
2.62244446758
2.84157055517
2.07816354035
2.53055288247
2.89654842661
2.33734493427
2.55018783655
2.63815243085
2.36797546264
2.40645997265
2.96487806683
2.27294228487
2.25880511793
2.20618344098
2.43709050102
2.89497763028
2.58317455941
2.11900424485
2.69627189494
2.74103959026
2.17633831077
3.04027629051
2.06559716974
2.8989046211
2.39546439836
2.62558606024
2.81565241578
2.52505509532
2.74261038658
2.41038696347
2.53683606777
2.23838476568
2.79444666537
2.79915905435
2.44651527898
2.06009938259
3.03792009602
2.48971217797
3.0339931052
2.12685822648
2.66092897759
2.69862808943
2.0899445128
2.7551767572
1.9375772691
2.80387144333
2.283152461
2.82900418456
2.93817452927
2.59181393921
2.99393779887
2.49520996511
2.02161487259
2.47793120552
2.29257723896
2.59338473554
2.26665909957
2.5855307539
2.57217898513
2.65778738494
2.37268785162
2.55411482737
2.54626084573
3.11803070869
2.44180289
2.89340683396
3.06462363358
2.58945774472
3.11645991236
2.78266569292
2.94288691825
2.57846217043
2.50934713205
2.90126081559
2.802300647
2.58710155023
2.73868339577
2.20225645017
3.05519885562
2.1457077824
3.06697982807
2.43473430653
2.41745554694
3.03085151255
2.40096218551
2.36012148101
2.84392674966
2.53290907696
1.6587609211
2.40488917632
2.39389360204
3.12038690318
2.72611702515
2.81722321211
2.70255508025
2.37582944428
2.66878295922
2.54311925308
2.91932497335
2.88555285232
2.44808607531
2.67506614453
3.05362805929
3.06305283725
2.93032054764
2.78816348006
3.04891567031
2.88241125967
2.92717895498
2.67113915371
2.97351744662
3.02456832724
2.28786484998
3.09368336562
2.56903739247
2.81251082313
2.99786478969
3.0599112446
3.12352849583
2.59652632819
2.61301968962
2.41509935245
2.59888252268
2.75046436822
2.68763251515
2.561968809
2.48185819634
2.99079620622
3.02692452173
3.09054177297
2.34048652692
2.68292012617
2.93189134396
2.58003296676
3.00022098418
2.82115020292
3.00886036398
2.7056966729
2.40803076898
2.97980063193
2.54076305859
2.66407057024
2.99236700254
-0.04134233797273611
0.025685691649753914
0.019776756272423257
-0.012706603639185427
0.020105205323384653
-0.001328116774885125
0.003814083641169751
-0.01125569644418868
0.001537095360797625
-0.010882080530245272
0.007390681846716046
-0.005812767094605838
-0.0020661868504685474
-0.008715374612970919
-0.00831096674446503
-0.002231524218690397
0.0026047868685516846
-0.004882010236442859
0.0036708420378986275
-0.00258284592230013
-0.0026298449042087314
0.003395173790522096
-0.0012255531063547899
-0.003847836938015724
0.0016678751986416666
-0.003309174800657404
-0.0002738200838363497
-0.003513763726141784
-0.0029448919133735147
-0.0014250642385852915
-0.003144331355885161
-0.00023537686554808595
-0.0024914195796296957
0.0018736178375042252
0.0014792284985913077
-0.0024303539168563466
-0.002559421594144384
0.0008827950422779777
-0.0022781876995829784
0.0009667659111231078
-0.001816362761877112
0.0016793020492531466
-0.0021506500309007954
0.0007781945396069746
-3.90592007917005e-05
0.0022817626560470814
-0.0015378710624621534
-0.001567740813440889
-0.0020254615059705143
-0.00040963053000847436
0.002010514557801356
0.0001860575642087869
0.001189493172746813
-0.0015730511893204456
-0.0018163620017259627
-0.0004514956276838258
-0.000305719457986643
-0.0016422648416062398
-0.0014245154890359104
-0.0007766282366275987
-0.001108652204586613
-0.001083637077510753
-7.839449087714607e-05
-0.0015136785302172307
-0.000573584362489813
0.001385293961395413
0.001383505414171772
0.0004481050234235538
0.0013729852173474505
0.00047684865183874735
0.0012052711896474628
0.0007697829958770413
0.0013953515291297773
0.0003049365025636108
-0.0013741770332775056
-0.00033279354985357365
0.000825917386656994
-0.0011359519728922041
-0.00035379441158619497
-0.001358243189701087
-0.0013749909134708723
-4.264784697406409e-05
-0.0003895847226846756
0.0012939868010073952
-0.0012642848483607502
-0.00033245730922554337
0.001023930531638045
0.0007766148433793041
-0.000581935760278059
0.0011401146448578238
-0.0007041601551149013
-0.001059255611860003
0.0009847342091684353
0.0007904847447759548
-0.001174869544769376
-0.00043877352018311733
-0.0012462521160532755
-8.008274971705998e-05
-0.0010141622322385776
-0.0007070564126436095
-0.0006470672112228236
0.0010068905360969224
0.00037700249716369116
-0.0011242709062135251
9.240318550479995e-05
0.0011698753732685492
-0.0007684304883454526
0.0008849261566133106
-0.0009801620960143125
0.000639021696864713
0.0005997722751791406
0.0009929252245651295
-0.00115026801614866
0.00010046342167049071
-0.0010953929643444436
-0.0003352041275826154
-0.00011097107174761286
-0.001139937345885698
0.0010160298466222292
-0.0005256431018448948
0.0001974346916559088
-0.0011203239911208435
0.0010860621620871684
-0.00029081242049934676
-7.24123774570081e-05
-0.0010965285825700266
0.0004052363283914367
0.001009418381258639
-0.0006374522214601199
0.0008807685119930554
0.0007206015723901628
0.0007980382789944346
-0.0002918195553759868
0.0010252796553461376
0.0010466603258276737
-4.934809448742667e-06
-0.0006897549909554203
0.0007779344312580753
-0.0010366995719526355
-7.029025352805323e-05
-0.00039644088057798674
0.0009568547931911957
-0.00036400147412408355
0.0009674666115134225
-0.0005063713486981151
0.0008908822402094253
-0.0004162546698701972
0.0009362200532264571
0.0010223613623446678
-4.190878370903071e-05
-0.0004155919549469431
-0.000933937050176508
-0.00045649745959382544
0.0009145995062548814
0.0004492641727086216
-0.0008994972011088354
-0.0008287660190323936
-0.0005494636100139936
-0.00098456275624939
-1.5932654546237394e-05
-0.0009491218575628284
0.00020893287814167255
0.0006434663923002524
-0.0007210188951317594
-0.0003648802222988981
0.000882825362563065
-0.0008120861692692196
-0.0004983811659954113
-0.0009329919277188892
-0.00014498707462480044
0.00046794700793459447
0.0008118965392835576
0.0001341717062024942
0.000927387246273716
-0.0006563665214755424
0.0006601112234198938
-0.0009164231785913151
-0.00010800388585837938
0.000921583976319999
-5.903985297373959e-06
-0.00026412884458018815
-0.0008819500787615625
0.0009135673061693855
-6.33439190407509e-05
-0.0009120377844113702
3.9163023336222126e-05
-0.0008620851802090764
-0.00029115906398207293
0.00028577061774442356
-0.0008586662872743638
-0.0003968301670859646
-0.0008119456114973538
-0.000903373568547899
-9.503041508031023e-06
-0.000706091513152654
-0.0005605860668214362
-0.0005479027590841763
-0.0007092212654977994
-0.0007726960016564123
0.0004396830838248355
-0.00043203187036639537
-0.0007743014031696435
-0.0004333254660552938
0.0007604386596232268
0.0008341919697650062
0.0002596070115225998
-0.0007539120634634474
-0.00043593350736208215
0.0008627993922581233
0.00010520619313645397
-0.0005109780934648067
0.0007024415350320829
0.0007721650241673062
-0.0003918204976686623
4.701241431143156e-05
0.00085938520796301
0.0007556911880517567
0.00040665641815037834
-0.0002013843809628142
0.0008324400605000577
0.0007054465271111039
0.0004850757468154423
0.0007031228794892051
-0.00048242728045876527
-0.000182001327235225
-0.0008319754220048298
-0.0006765895077388091
-0.0005060223938888812
9.506739293930868e-05
-0.0008369055582780973
-0.0008185836698629058
-0.00019722617014876877
0.000645025617899975
-0.0005373031045015728
0.0005289590656081025
0.0006515172539911817
-0.0006027438621244543
-0.000579605831843246
-0.0008043803957082786
0.0002206034608920822
-0.0002699802384548995
0.0007821377045956971
-0.0007487787151318943
-0.0003477912160094815
0.0007019074125575703
-0.00043065498258166896
-0.0007977845710652428
0.00015230926823195628
-0.0007490163003601217
0.0003062620127039776
-0.00045201953481409455
0.0006659378719669148
0.0004193952232780643
0.0006859376987615786
0.0006423080737491107
-0.0004834067279017516
-0.0007501589199722336
-0.00027013048162169244
0.00015823872659941724
0.0007776225082209473
-3.434240512535319e-05
0.0007895851522993688
0.0006221011596647077
-0.00047268604345451776
0.0003606222826629351
-0.0006899784825145663
-0.0005882024894383377
0.0005053956765552456
-0.0007716029249745933
-4.9814681182507896e-05
0.00014835451317596788
-0.0007502018404981441
-0.0006696074702793695
-0.00035469741347636497
0.0002591888838437688
0.0007093174340668597
0.0007531255513073566
-1.918487291048099e-06
-0.0006702814388175779
0.00033003333726221417
-0.000565052122830406
0.00048753702830433584
-0.0007301912682717931
-0.00014393163742590088
0.0006687594027913727
-0.00031702026267913875
-0.0007354148617755284
6.893299193720716e-05
0.0005711064965314756
-0.0004642687673678877
0.0003303855571099763
0.0006517853811653583
-1.507306863271253e-05
0.0007302266191827157
-4.6757176158309436e-05
0.000714802106807543
-0.0006993766811628054
0.00015094361072675534
-0.0007137622819563956
-2.7083022416183074e-05
-0.0007098929179569327
-7.493327125459455e-05
-0.0002609920302212146
-0.0006610738475534362
-3.2851699507694955e-06
-0.0007102831867850866
-0.0006669790220681419
-0.0002367679733133903
-0.0005575267191920656
-0.0004238985128764004
0.00022413027955506585
0.0006581592585679781
0.00029623149031709486
0.0006274708178285691
0.000455484411717774
0.0005130718776255084
0.0006475327016141131
-0.0002238998635685906
0.00022140213855092997
-0.0006465621555947636
0.00030070734494782344
-0.0006100033690637433
1.2453408365273143e-05
-0.0006782900066641353
0.0004992703788003856
0.0004580390044092883
0.0005733512753323362
-0.00035699713984356686
-0.000671705708068449
1.723378763467559e-05
-0.0006001290632356874
-0.00030214364668549524
-0.0005303795520248982
-0.0003869640818716197
0.0004228460519552931
0.0005016757919880505
0.0002640777886505975
0.0005988054015823785
-0.000647414597767293
-5.1451805461082806e-05
0.0006387754998326141
0.00010024581254329052
-0.000557368555148423
0.00032707445581274053
-0.00037378676546050816
0.0005194784774019026
-0.0006352512474408322
-7.721618912459065e-05
-0.0006066099039454043
0.00020078196321128683
0.00046090244137497873
-0.0004409023052907185
-0.00062740018428461
0.00011413065747672887
-0.0004653106896361764
0.00042677867889274427
-0.0005141428497920768
0.000354684962418506
8.498985362856354e-05
0.0006186907033256607
0.00021569294602242033
0.0005833168383167612
0.0002125114879962112
0.0005837496342579123
-5.269957095385329e-05
0.0006173898061334155
-0.0002101101157520013
-0.0005828962425029519
-0.0006055984781205815
-0.00010598688971851063
-0.00020837240503400364
-0.0005771923092479745
-0.0005958535593384681
0.0001415888653080629
0.0005554097172345212
-0.00025638678397985645
5.00546895648129e-05
0.0006092716695963329
9.413779235302305e-05
0.0005966691413519823
0.0005845303493723855
0.00014468552542114675
0.00045738903195170267
0.0003901244240602777
0.00019975228581265214
-0.0005658664243689926
0.0005552313154367175
-0.0002273455643869294
9.66999271829585e-05
0.0005917990370387341
0.00031225088900649236
0.0005041653045747352
-0.00025005388463579634
-0.0005322826000425651
-0.0005735821701198096
-8.913602810438478e-05
0.0005042112479147905
0.00028084159536771925
0.00019623858977375962
0.0005423678808241882
-0.00021085467567932278
-0.0005331538524385273
9.329255684207804e-05
0.000565243234529607
0.0005573609032612904
-0.00011480256517182038
5.8431926839783236e-05
0.0005649782850970684
-0.0005464221864007559
0.00014264966032232051
0.0003983167105195643
-0.0003994297418340368
-0.0005619269188654894
-2.5553263076457944e-05
-0.0005512536906119318
0.00010388002117357254
-0.0005275717370172606
-0.00018916277267409988
8.099747255274505e-05
-0.000554019332053804
-0.0005560842985533085
4.597529552573798e-05
-0.00021996267436843813
0.0005076474306460699
0.0003302819878599443
0.00044213451848251295
-0.0004977890573822851
0.00023329293767060855
0.00037622170629131546
0.00039960963401659545
-0.0005460972910300933
1.3973097057248252e-05
0.00021484575112146079
0.0005021518622980309
-0.0004114685533829242
0.00035535327888279336
-0.00030999357012273597
0.00044329143454609275
-0.00026025734452531714
-0.00046909914794285323
-0.00021048719263683265
0.00048585914761463454
-0.00021444159643511647
0.0004788321079223303
0.00017652039559116182
0.0004935300586084482
-0.0005238659352778038
-1.5746019756757822e-05
0.0003963547155519781
0.00033943289694633174
3.744524804384865e-05
-0.0005201449527288739
-0.0003446180755738818
0.0003894159836599807
-0.0005176605742859709
-5.470886518664314e-06
-0.0004807680379291207
0.00019195916579959384
0.00048618373561164387
-0.00017187519583928458
5.5152100412528074e-05
-0.0005108112988822371
0.00029948737159204644
0.0004129737210399145
-0.00043719965994963974
-0.00026219870138332273
-0.00017998441906919496
0.00047616872552671375
0.00046518489854234393
0.00020301961474006842
0.00046517447397204624
0.00020210059817205183
-0.0004350183053386916
0.00025955682158722195
0.00050201971681201
-4.361394049980019e-05
0.00024147229049547626
0.00044189178850211357
0.0005021142254817028
4.0061985115256994e-07
-0.0004950486547558567
8.058147107448333e-05
-0.00012133942085697824
-0.00047818947202960357
-7.889967470573362e-05
0.0004868086221100516
-0.00027213602835534956
-0.0004108080346668417
-0.00032179097724237905
0.0003682511924496932
-0.000312288760782407
0.00037600117910431444
0.0003911120817198976
0.0002914619587587195
0.00030741274859350415
0.00037656970814781734
0.00010754996664572746
-0.0004734482342118148
-0.0004146642138536307
-0.0002512463880701501
-0.0004570461472287176
0.0001598903969235368
0.0004120858113574958
0.0002537909907159307
0.0003534877444535766
-0.00032839798462799006
-0.00046632739121826844
0.00012352474748272932
0.00015972610536071053
0.0004535251080191056
-0.0002723642607839868
0.0003947449561274543
-0.00017663055668361933
-0.0004458277377805372
-7.098001043514518e-05
-0.000470607479131818
0.00030027875908526466
-0.0003678254105258044
0.00022449196362667574
0.00041703532752346696
5.200742451861889e-06
0.00047348102804064987
-2.004916812112647e-05
0.0004664896227515761
-0.0004565884504063916
9.271439380437018e-05
-0.00013805520378409902
-0.0004445775266765759
-2.23325174503356e-05
-0.00046437420142009136
0.0004037933462655459
0.00022884691979044416
9.281507545524861e-05
-0.00045335357070078907
-0.0003756152517132365
0.000266422534640802
-0.0004566400568944334
-4.068986863118176e-05
0.00045446180124097913
-5.2971636904175055e-05
-0.0004534624181242103
4.9622181360637175e-05
-0.0004280241278259824
-0.0001551023742846779
0.00039814863790541314
-0.00021778870216370948
-0.0004166306289372228
-0.00017410263553612149
9.179368275721411e-05
0.00044106531743114293
7.025558757385353e-05
0.00044481552799195744
-0.00012654420532268163
-0.00043100739654984967
-0.00036410809745035045
0.00026301879767615447
0.00041999327167098244
0.00015176451801630415
0.00014170341778319868
-0.00041954524373604785
-0.0001478396705937429
0.0004170253048290167
-0.00042261794422629277
0.00012634152313798196
-0.000428680978702172
0.00010157435529700209
-9.08215151105718e-06
0.0004379641666899552
-0.000363122413136605
-0.00024500442357223664
-8.92262401190359e-05
-0.0004287420721100242
0.00039796374061731426
-0.00017495499154344813
0.00020694443273851012
-0.0003773550096316329
3.813064531509347e-05
-0.0004284733923940667
-0.00010492230716686457
-0.0004169328822785578
-0.00041720566782490397
-0.00010234825210577896
-0.0004185845106669018
-7.187965194306813e-05
-0.0003876836278758322
-0.0001668927866178942
-0.0001938687072735049
-0.0003735462460339016
0.0004145568191045581
-6.504998074181084e-05
-0.00010185471666467376
-0.00040523225574482175
0.0004115344306450298
6.994682860912723e-05
-9.872870460976988e-06
-0.00041398554300321223
0.00040833660459694665
-6.399942981563012e-05
0.00020583885702726257
-0.0003555413161516286
-0.0003583572758495765
-0.0001998375647254067
-0.00013937819391976076
0.00038509461657506775
0.0003019704929841788
0.00027514698102651603
1.157648052458704e-05
0.00040706272918648525
0.0003932849180222744
-9.714964232691159e-05
0.00015208299266441375
-0.00037502039871647796
-0.0001028670835250095
-0.0003881346907730342
-0.00016694971228371753
-0.00036342075431121433
5.8790846060259197e-05
0.0003952011207911253
-0.00019180336970156414
0.000349938771015517
0.00013574493054157173
-0.0003747569782101713
4.029750395852702e-05
0.0003937801656118648
0.0002517239647179529
-0.0003051362099514926
0.00031684574514750854
-0.0002297976566424591
0.0003820795887884534
-7.928865604147394e-05
-0.00038675778638425453
-4.586258377293895e-05
0.0001423921898013592
-0.0003607709017137726
-5.102848535347405e-05
-0.0003815852790084989
-0.00032891401064188654
-0.00019920756729130187
-0.00033837530611294855
0.0001825895802905616
-9.16881351059341e-05
-0.00037065989493539626
-4.707012827324711e-05
0.0003785625201801648
0.00031958301395979124
0.00020652493877211135
-0.00014608308229284656
-0.000349330686244438
7.571389781486314e-05
-0.00037019643953633413
-0.00010183602013768196
0.0003637427300405838
0.00034441818858276603
0.0001541681404465793
0.00037130770948482384
6.060299046281892e-05
-0.00010072443098944161
-0.00036177345081514023
7.3338074443209e-05
0.0003682284708838885
6.638839775942317e-07
-0.0003753904834449331
0.00012380904845869653
-0.00035405320307950504
0.0003677105054731943
-6.59266807196211e-05
-0.000309846266459149
-0.0002060406270854813
-0.00035786821892407083
0.00010059601515845435
-0.0003672921831232335
-5.4625995335093215e-05
0.00015030986206562283
0.0003383527621715638
-0.00035934424638482123
8.269280078579098e-05
0.00036176815297727863
5.238249956744141e-05
-0.00035514081635227435
6.095443176144065e-05
3.580800424928132e-05
0.00035768334985270624
-0.0003516607238750672
-3.578813130347878e-05
0.00010932482982510216
-0.00033491558252134304
-0.00024314531232234675
0.0002548816210680034
-0.0003505359217381282
-1.8965540961500742e-05
-0.00014275639034329302
-0.00031904425935946917
-0.00018442550404830393
-0.0002948718975252458
0.0002002544879285008
-0.000282892270487095
0.00016554799916248608
-0.0003030956769400518
-0.0003434962530742661
-2.3489092886029185e-05
0.00022051596807132583
-0.0002636802914560533
-0.00032875849945203074
-9.973349698376399e-05
0.00021522274555747204
-0.0002669019387311196
0.00018622154855993167
0.00028240951438268636
-0.0003283603999164901
-7.954912442513016e-05
-0.00033387054573301927
4.3072732189412375e-05
-0.00033206817407687307
5.0633595792787116e-05
-0.00026941969082884223
0.0001989759403404034
0.00024026511327197153
0.00023095504235271503
-0.0002767779996665922
0.00018321128517996527
0.0003044795113184615
-0.0001307438696648373
0.00012821437143248736
0.00030468619879151437
0.00015442814340820688
-0.0002895382532593934
-0.00023769970100820067
-0.00022593745521505863
-0.00027970848375338255
-0.00017090102847996903
5.023838304225831e-05
0.00032224780706761034
-0.000291905668418593
-0.00014481130634684755
0.0002569797843624971
-0.00019768147359874183
-0.00018114443987961803
0.00026878391677006614
-0.00013094456583382833
0.00029627517574506
0.000308511156096145
-9.858704167546413e-05
-0.00029740508290573386
-0.00012673776342480013
0.0003013237226589749
-0.00011391477755249332
0.0002923218525299301
0.00013487169656300506
-8.53193426034517e-05
-0.00031016005605877744
0.0002905686619830864
-0.00013250900748154774
0.0003185603466029201
-2.1581775355724475e-05
2.381386366970755e-05
-0.00031735234760139663
1.1042586789906064e-05
0.000312989868641255
-0.00025742940871798203
0.0001765308163803588
-5.551140588724382e-05
-0.00030482179561210017
0.0002850268593144068
-0.00012084624963133542
0.00022121623789631082
0.00021574003316097453
-9.403439846752409e-05
-0.0002939550631590995
0.00030439493832885763
-4.5487329211473566e-05
0.00015468611677978462
0.00026582092186769595
-0.00012610573544569504
0.0002788459022168093
-0.0002095551869823064
0.00022230985426112775
0.00014529864730221262
-0.00026700709848799785
-0.00013184306474846896
0.00027357282204055577
-5.075604296120983e-05
0.00029927468752013076
1.582333366172675e-05
0.0003024254306827409
0.00016658370708871298
-0.00025207969211201803
-0.0003005262600033145
-2.759052079036503e-05
-9.122835240632012e-05
-0.00028725283171741265
-0.0002694425639471848
-0.00013209216105518798
-0.00020628234728350468
0.00021692539858530484
0.0002950876355689149
-4.955126340248992e-05
-0.00020260813827256463
0.00021891853527515584
-0.00023595059549946375
0.00018000898815159408
-0.00022118819530269203
0.0001976177012852875
0.000294921565740553
2.148510474828891e-05
-0.00020995204267541034
-0.00020763864537309048
-5.5068475717772475e-05
0.0002899111480798604
-0.0002899277064505553
-5.3656130275032674e-05
0.00015396996483844195
-0.00025073074674196666
2.3990139212142325e-05
-0.0002930297746386422
-7.156942057780211e-05
-0.00028441283098477974
0.00022159778916456995
-0.0001883049133445445
-0.00011206949058487467
-0.0002677138793563243
-0.00028432653589508016
5.4150769263341586e-05
-0.00026784607544011707
-0.00010818209806027208
2.407264519045693e-05
-0.00028493525363947026
-0.00016610743453397575
0.00023268258559813707
0.0002573910957439244
-0.00011761717620374206
0.00016565517475933167
0.00022533533169978858
0.00023977850839436999
0.00014338311639770684
-0.00022595259191608924
-0.0001632143482654625
0.0001518191929124893
-0.0002331253052508342
0.0002647030730393157
8.392170723109717e-05
-7.173576357235258e-05
-0.0002660383278280326
-0.00022777093916407775
-0.00015451383502311622
7.907070800272764e-05
-0.0002622362959815051
0.00023004706197459195
0.00014015463053936765
-0.00012624722737065262
-0.00023733707596449496
0.00021436044616974747
0.00016129213162752477
0.00017316138604090195
-0.00020476318697708811
6.880657413536825e-05
0.00025872061253357225
9.877215240800158e-05
0.0002471674395560184
0.00018150378933432437
0.0001945258252953337
-0.000261309823371388
-4.6351270512149936e-05
-0.00010453183630588536
0.00024293261008621628
0.00023204893763500994
-0.00012554372261871477
-0.0002580436193871034
-4.391968594264434e-05
0.0002605200439250849
1.654133588150092e-05
-0.0001539767120243748
0.00021050969039724786
-0.00019077329444245895
0.00017166177481364375
-0.00016240092664224714
-0.00019369353246247766
0.0001719463087465805
-0.00018416680472966456
7.223947815011898e-05
0.0002410943233680857
-0.00024358708759854742
5.498873172559609e-05
-0.00023901884063039686
-6.72199726358281e-05
-0.00022270809941173065
0.00010948074379836383
0.00023618482609221993
-7.346397656996622e-05
0.00018117324531647828
0.0001682507558218853
-0.0001552666201954841
0.0001922829335284639
0.00024357389252435447
3.31571364430156e-05
-0.00022980783131299097
-8.604265268215027e-05
-0.00021963030766623343
0.00010829281272482703
0.00024206524892585938
-6.1021596114670725e-06
-2.7074094660145393e-05
0.00023894144654210733
0.00023329491066387893
5.6900488527021246e-05
0.00023946648635559366
1.190469879745948e-05
2.6261629527343345e-05
0.00023826852794367354
-2.1685569171704498e-05
0.00023867926808926302
7.713676273624793e-06
0.00023847289052036325
0.00020965667453810293
-0.00010837642460576039
0.00018962635772378373
-0.00013286942056097784
-6.178457987741473e-05
0.0002203753248069438
-0.00014299533363395337
0.00017838843978586612
0.00021716744728900533
-7.017536555537397e-05
-0.00014943870028982057
-0.0001721668167239631
0.00018884968284746888
-0.00012684275782903133
-9.183238431977545e-05
0.0002080749463766412
0.00022058304948138248
-5.526365645621273e-05
8.373591869614457e-05
0.0002105081033271499
-3.898797989404859e-05
0.00022103498171560732
-0.00018423274291083901
-0.00012664641406255422
-0.0001922980107919267
-0.00010673345862745526
0.00014870911428133831
-0.00016148623629574522
-0.00018121001620221587
0.00011926109646336343
0.000215517806722828
2.1689767995255683e-05
-0.00013368954996875547
0.00016932662490099334
7.673883894255525e-05
0.00020054854306797003
-3.122926553293181e-05
-0.00021152348265870543
0.00017616969063737696
0.00011952456211125418
0.00017021473289757606
0.00012737465750694638
-0.00014296602869405184
-0.00015613139370620352
6.108276119630085e-05
-0.00020222931931471644
0.00018945148887411668
9.037573091304758e-05
0.00017768347101139215
0.00011144157218696038
-3.173449660736677e-05
0.00020680308739984493
1.5483163264473752e-05
-0.00020834818421834028
-0.0001400071683648921
-0.00015236781249580502
0.00010769391081827796
-0.0001764102746085292
3.288071228516509e-05
0.00020393667047403143
0.00020007335975392865
1.5602415420437942e-05
1.7714761071910514e-05
-0.00019946598463927047
0.00014906873222000517
-0.00013362243834502053
0.00019173403200694594
5.683992513993772e-05
-0.00010310413717624726
0.00016928173877697915
-0.00019324763479193263
3.368474580325731e-05
-8.542624843369337e-05
-0.00017627286510425743
-8.061407005987797e-05
0.00017432436857893496
1.0388400789299256e-05
-0.00019129952530930032
-0.00017003049470183462
8.822056612842977e-05
-0.00012647906666530864
-0.00014085997232898527
-4.923075079215628e-05
-0.00018151138543915358
-1.1677521273369574e-05
0.0001876202541577528
0.00018619459232673487
-1.3557008324019404e-05
8.922993154900626e-05
0.00016327356565554963
0.0001848971685919365
1.951278637207192e-05
0.00012640473123905855
-0.00013572130674638
-0.0001456031442463886
-0.00011049224562903102
-0.00017116913204764632
-6.256920856634779e-05
-0.00011223380152705192
-0.00014344023884409513
-0.0001502681480254378
0.00010186877249099208
-0.00017961782548145638
-2.6147612234365874e-05
-0.00016409269231011642
7.13460312511521e-05
0.00011496100879926247
-0.0001367240449906469
-5.112591680156064e-05
-0.00017039279581235062
8.723479950994393e-05
-0.00015441627051875566
-0.00011169914917010223
0.00013641091117256825
0.0001635538187580672
-6.065850998939629e-05
0.000170953801492761
3.2281573841502377e-05
5.694022054727088e-05
-0.0001642492902501326
0.00016108507266977934
6.33495086759721e-05
-0.00014691497075737528
8.722327488458836e-05
3.465884316923037e-05
0.0001659090829870169
-1.9591899386034837e-05
-0.00016440063409974289
-0.00016289331529808037
-2.3727935916207644e-05
-2.920314041849739e-05
0.00016061872694028695
0.00013834147734878186
8.320642780973641e-05
9.759025274375121e-05
0.00012814300514195207
-0.00015211033044377272
5.013957003237155e-05
9.785589706163608e-05
-0.00012515768371014054
0.0001579708790208856
-6.5795337778118416e-06
-1.9765157716789815e-05
-0.00015638786842416967
0.00011414893435686341
-0.00010722672551231278
8.939721535481343e-05
-0.00012745651046690922
-3.6871693527264575e-05
0.00015110623090489836
-0.0001548860237602306
5.134138421855718e-06
0.0001244948288056323
9.04202122052539e-05
6.913250747504619e-05
0.0001371098971490965
5.4960099309310676e-05
-0.00014160688140352806
-0.00011705528881032195
9.211082459970679e-05
0.00014794277641884832
5.400074601516619e-06
-0.00012733519446511414
-7.314173104388837e-05
-0.00013306446930203973
-5.913266186966576e-05
2.493769961000869e-06
-0.00014476636369778383
-0.000119504584223761
-8.148861220715745e-05
4.494670634898562e-05
0.00013648649533793008
-0.00013194220684269157
5.6060448460196145e-05
-1.859686463904875e-05
0.00014175555066789323
-0.00012803671803748002
-6.075807528355437e-05
-3.457759322500966e-05
0.00013602782286019534
6.633545507002137e-05
-0.00012360282741587125
2.65248409704863e-07
0.00013935905976574623
0.00012000949064180588
6.674010240412529e-05
1.3320942695594168e-05
0.00013644865692355663
0.000119252778592561
-6.663213246135452e-05
0.00012845421226832587
-4.1529109423228015e-05
-2.9987135522041715e-05
-0.00013080781859710995
-2.6828796604592252e-05
-0.00013081916011319498
0.00013181611615731555
1.2061005059268382e-05
9.553722243760664e-06
-0.00013158787891590746
0.00011138393954313267
6.789860581560593e-05
-6.037662212186154e-05
0.00011458806127932471
-7.949051383935535e-06
-0.00012831506865164561
0.00011262894055894509
-6.104767765206237e-05
0.00010139732943324603
-7.789293694957094e-05
-8.63863793517487e-05
9.419118690310582e-05
-9.125242356625687e-05
8.863663952712028e-05
0.00011935149332973525
4.057905776937702e-05
-0.00011221601752322239
5.7434331315275785e-05
-5.887761784710705e-07
-0.0001250389908938244
-9.783118257558734e-05
-7.78357453412783e-05
-4.0585206294007855e-05
-0.0001180029835401526
0.0001225883768944815
-2.2873570050037667e-05
2.8339237102176452e-05
0.00011948604079067969
-9.380317636727031e-05
7.88491478161979e-05
-2.36465918901243e-05
-0.00011766196351225477
0.00011600156848322052
2.7246279272328116e-05
-1.5548881336865807e-05
-0.00011423590960406138
-0.00010167445839463485
5.3138611934034625e-05
7.524566941783878e-05
8.639798055276743e-05
0.00011427097403699326
-7.998496252046433e-06
8.433970526649271e-05
-7.653338653041941e-05
-0.0001102204217765009
-2.6593182576681266e-05
-0.00011264673272023131
-1.1407289902685954e-05
-7.433226768494872e-05
-8.408847248617048e-05
-8.706541597763707e-05
7.016460046854755e-05
-6.424299896009601e-05
-9.140073778926993e-05
-3.352869600005354e-05
-0.00010522783419974115
-2.1191718525173402e-05
0.00010832993339150661
-9.436289401953335e-05
5.4719658670860566e-05
-8.224330487638619e-05
7.157026042908954e-05
-0.00010725090752464826
-1.6081104045851017e-05
-5.4974215585185506e-05
-9.338754843963278e-05
-6.194076217193697e-05
-8.648936022561593e-05
-8.80400914995373e-05
-5.9329408243615834e-05
-4.096719560522822e-06
0.00010596960737719346
-4.2560369584054095e-05
9.626071015387336e-05
8.315009710836085e-05
-5.8758597381824626e-05
-8.089947550610304e-05
-6.020607352134941e-05
8.955683367491944e-05
4.040564489083698e-05
9.033628217557687e-05
-3.859069710169938e-05
4.931725145957846e-05
8.446206979162652e-05
9.156221727731638e-06
9.623366514386337e-05
7.70258078062469e-05
-5.830933014229181e-05
-5.2485202131918926e-05
-8.016914934816777e-05
-9.533800107160511e-05
-1.0919120340347477e-06
-7.503498793130131e-05
5.805653797322227e-05
9.202872500664038e-05
2.147146627601257e-05
-9.122750530858486e-05
-2.1289061845211565e-05
-5.033532832468072e-05
-7.873156931134342e-05
3.586945752872806e-05
-8.597100672982928e-05
-3.0329083884112774e-05
-8.786250392465411e-05
-2.0540939508511878e-05
-8.946345931188706e-05
5.351362811568904e-05
7.384809131777725e-05
2.1523278586496276e-05
-8.832597147763898e-05
-5.7511518547931034e-05
6.919532586118799e-05
-8.818264092513217e-05
1.5933247325336685e-05
8.90325724898734e-05
-8.186515378172499e-06
2.0236102004800556e-05
-8.691539522713943e-05
-1.8986545738228222e-07
8.91269558803259e-05
2.2001708302384404e-05
8.632589890075865e-05
7.323386870159821e-06
8.720036012190713e-05
6.080719303117929e-05
6.12746003257461e-05
6.217241390264005e-05
-5.98713677927617e-05
-4.204404181804795e-05
-7.495132002985214e-05
8.187019598557377e-05
-2.4660501090048664e-05
-8.254167445370906e-05
-1.9520105335147058e-05
8.331363898524993e-05
-1.2029364384713637e-05
4.088845428639515e-05
-7.286390642846675e-05
8.175731867696059e-05
1.683437394559531e-05
-4.21475430727779e-05
7.088440624369084e-05
-2.2706993408395616e-05
7.905278417636058e-05
1.839262508838535e-05
7.855585287836802e-05
5.42792330769056e-05
5.958827069789598e-05
-1.7188533302640695e-05
-7.845286745492607e-05
7.387057890236257e-05
3.0353586311745508e-05
5.226759863973771e-05
5.911818179574974e-05
-7.788785372203502e-05
-7.716620328193688e-06
-7.711355273344867e-05
1.0716257797478062e-05
4.318788438402471e-06
-7.742387507992598e-05
-7.107998259130014e-05
-2.7334091794665344e-05
-2.351107001232633e-05
7.239623568164666e-05
-7.001058283968128e-05
2.8648926439066468e-05
5.8496895653559575e-05
4.746978823129372e-05
4.4917921715578844e-05
6.003464566891549e-05
-6.7676244446245e-05
-3.103702679742168e-05
-6.205307532900971e-05
4.0301759163672626e-05
-1.5599934668735106e-05
7.158315690646164e-05
-6.870159543301618e-05
-2.463998200503612e-05
-6.863191623089709e-05
-2.3697702361903772e-05
4.0563355036430185e-05
-5.966450615568236e-05
-6.141018718605019e-05
-3.732075754001962e-05
-3.982673183456287e-05
-5.9640071069699874e-05
4.4386322067076043e-05
-5.5031737631018815e-05
-4.207424123441605e-05
-5.5697706330362416e-05
6.438416959560339e-05
2.6866000636763865e-05
-1.6248798511714955e-05
-6.736333845858764e-05
6.076439341034265e-05
3.213720491678929e-05
-3.3608740864936423e-05
5.919026643377796e-05
-4.4200951124421156e-05
-5.1382960989649656e-05
6.747266749973929e-05
5.00300744215626e-06
-4.300610290104372e-05
5.217655588567068e-05
-7.61780097456588e-06
-6.684152690396933e-05
4.611701780505928e-05
4.865286254096412e-05
-2.2183215217021824e-05
6.313198725386315e-05
-4.813907106714491e-05
4.471771357649701e-05
1.3780684549819733e-05
6.389240518400266e-05
3.016946007937077e-05
5.707538924740969e-05
1.4483975816072248e-07
-6.406829602656983e-05
5.8116896418941576e-05
2.6805353961072754e-05
4.511333777281598e-05
-4.5265641805135426e-05
1.422009937911034e-05
6.195040357403265e-05
-5.136980976303759e-05
3.623881140567004e-05
4.4601023734993946e-05
4.3546498919574856e-05
-6.180061662663407e-05
6.122759596259103e-06
-3.1187435854844876e-05
-5.3062627085473034e-05
6.0401102056901965e-05
-1.1076430815995658e-05
5.695707477533328e-05
-2.0919803626686427e-05
4.588728922258248e-05
3.9216157168119216e-05
1.2342354197320631e-05
-5.888383341220271e-05
-4.27960623189626e-05
-4.0273853846345955e-05
5.8276492991439266e-05
-5.7681197780702904e-06
-3.236706111899951e-05
4.723395240502463e-05
-4.176479483278994e-05
-3.8429764411582434e-05
5.099888323687481e-05
2.14972321048601e-05
-5.4783236205549925e-05
4.835291523260954e-06
3.110568396390184e-05
4.453160406377878e-05
-5.310693866439831e-05
-5.457242827764219e-06
5.308665768808241e-05
2.48291423470437e-06
5.2464595873738526e-05
-2.7135695286193972e-06
-4.91011495535665e-05
1.8672190651695176e-05
-5.09662577540011e-05
1.2427702859934054e-05
4.633181065229291e-05
2.3520137422757715e-05
4.24782604428231e-05
-2.9875120527602995e-05
5.1893742820149134e-05
2.2094295748074922e-07
-5.164561394052254e-05
7.071814882693428e-07
4.956621360936233e-07
-5.138089983538413e-05
3.2594502948227967e-05
-3.971330601175427e-05
3.7510577418772754e-05
3.474458866872138e-05
-4.435760022045962e-05
2.4842796865769236e-05
5.011471100847425e-05
-7.391142807423285e-06
4.997016656465192e-05
2.2865149308621823e-06
-3.2382820081603384e-05
3.7763951980633034e-05
4.807532237527828e-05
-1.0543940269366628e-05
4.74289193670262e-05
-1.2909170708134299e-05
-4.7510950603147546e-05
-1.0157957402723377e-05
4.4873516036863145e-05
-1.7386083401645713e-05
2.4104940870430463e-05
4.1618744352737854e-05
4.00717143546976e-05
2.6433357659151725e-05
-3.232239017369015e-05
-3.5160264120728234e-05
-1.7471965352837072e-05
-4.441352603209467e-05
-8.258716781743156e-06
-4.69208094396279e-05
-4.5238950024115694e-05
-1.1323964541395791e-05
-3.044712594114962e-05
-3.457540422763039e-05
-4.361725494471249e-05
1.4318923207141857e-05
-2.0107155864882598e-05
-4.107621422889779e-05
-9.825165738281599e-06
-4.435317788418855e-05
-1.3189104870833524e-05
-4.273666496558143e-05
-4.422387080834661e-05
2.343215815953106e-06
-2.4201638743570898e-05
-3.6520650731746126e-05
-3.679776579919225e-05
2.271262042910918e-05
-2.8546197437101405e-05
-3.181731721911108e-05
-3.1650445974161447e-05
2.809482763452739e-05
-4.4817350250372924e-07
4.175128182727594e-05
3.8234224513392923e-05
-1.6402144329302883e-05
-3.911799726752807e-05
1.3874975280996794e-05
-2.0261866850496912e-05
3.601810239863731e-05
-4.105806682733495e-05
-3.3018835796723713e-06
3.612390949739268e-05
1.9620235401739878e-05
-4.5521432606477894e-06
-4.078585358871627e-05
3.3255663738294696e-06
-4.083184448426816e-05
-2.4658600464208148e-05
-3.26433738920119e-05
2.3524675713694654e-05
-3.318211554444628e-05
3.7601577648455024e-05
-1.5420701890726307e-05
3.2902821617397684e-05
-2.2717506384126562e-05
3.90832579676777e-05
-7.105071537976611e-06
3.886029932626384e-05
-6.407235127804694e-06
1.4835750824146843e-05
-3.637577829150053e-05
-3.848860896963296e-05
-7.864271572133596e-06
2.1086827714564936e-05
-3.305594193945221e-05
1.663253607991544e-05
-3.427626101841686e-05
3.1908589273249134e-05
2.066455447922e-05
2.621787364755934e-06
-3.762279831685653e-05
-3.2659726854746415e-05
-1.726884413170493e-05
-3.630054619621256e-05
3.8199506935553474e-06
-1.6768798075101342e-05
3.241472470771162e-05
1.6054453321181438e-05
3.2693021527215984e-05
-1.866026815675681e-05
-3.124905588471283e-05
3.106481239794835e-05
-1.8255123575290135e-05
-3.536687194688126e-05
2.7205182881529232e-06
-3.2223685498993845e-05
-1.4749757897595769e-05
-2.6262312484954976e-05
-2.3482387583219188e-05
-3.0404176145076012e-05
1.7007008586592027e-05
2.81816583625068e-05
2.0259682037863297e-05
-3.43462403901744e-05
4.25069265407467e-06
1.916671170037823e-05
-2.8067133567161035e-05
-1.7502936084827253e-05
-2.9106383480026476e-05
-2.7999861131978e-05
1.9066554334259773e-05
-3.3212745446291005e-05
-2.480452031370234e-06
1.0188379548330683e-05
3.16847612283451e-05
1.4301468306002276e-05
2.962722458613254e-05
-2.8720013569761115e-05
-1.578105986055809e-05
-3.199387122739153e-05
-5.471001414124433e-06
-1.9023906944649116e-05
2.6052712359384334e-05
-3.0580065376599854e-05
-8.636540316860283e-06
3.149907548144927e-05
2.142944659667391e-06
2.6719972900055013e-05
-1.647166921017451e-05
1.1721011068524412e-05
-2.8960372968558995e-05
3.893025637688508e-06
-3.03192988512605e-05
2.24324161136831e-05
-1.8609002323672465e-05
-2.6188975080698575e-05
-1.2698943230129156e-05
2.379773487869613e-05
-1.6672195919267005e-05
-2.8571315168231416e-05
1.2077331416193715e-07
-2.8479619393263157e-05
-2.007318542252001e-06
-1.811591641564622e-05
-2.1784555663144898e-05
-1.907066024536663e-05
-2.074762987756863e-05
1.5443072157031944e-05
-2.351580099489263e-05
1.2452342879995305e-05
-2.5013339027309802e-05
-2.0431400611336874e-05
1.9056462485512613e-05
-9.764969961238046e-06
-2.600613727032272e-05
1.3984038017650184e-05
-2.390008396638145e-05
-1.323801608569125e-06
-2.7521604699136894e-05
-2.731163852004389e-05
-3.5119454829746556e-06
1.4716958275477137e-05
2.302734041280341e-05
-1.3914590091037009e-05
2.346138970149176e-05
-2.2349778291704202e-05
1.5522868025698288e-05
-2.197630448202159e-05
1.4967801140934656e-05
-4.961969722149684e-06
2.6034219070820487e-05
-3.928496918646645e-06
2.6181886317448917e-05
-2.6186123298354033e-05
2.3938007554581836e-06
-8.940341594533136e-07
-2.6176339079933055e-05
-1.6830360982402288e-05
2.0049734527421038e-05
-6.988058588862423e-06
-2.5195900743648192e-05
2.4273822179050886e-06
-2.585196208583896e-05
1.9566420484688818e-05
-1.6760128084001764e-05
2.361268063706104e-05
1.0213538174071983e-05
3.2515459914979615e-06
2.545063713199455e-05
2.4845314279371282e-05
5.91288453309996e-06
-1.7850343994582575e-05
1.8226873991830095e-05
-2.5455813737159428e-05
-1.397844228533455e-06
-1.7481953414953734e-05
-1.8249932418103466e-05
1.3246545119482548e-05
-2.1378479636501134e-05
2.2640303154897622e-05
-1.0491147525005961e-05
2.36472026269417e-05
6.93233812649996e-06
-2.1625194448774303e-05
-1.1345672350056554e-05
1.7740668195652773e-05
1.6303913964630408e-05
-1.3200415654904375e-05
-1.9910544818087408e-05
-1.843095073517037e-05
1.4999157573162946e-05
8.185232749035931e-06
-2.21824909789515e-05
-2.3014398221409326e-05
-5.293822124504521e-06
-2.1048091111005492e-05
-1.0151683755576249e-05
-1.3555110408053017e-05
-1.88640451851379e-05
2.2049987482851926e-05
-6.305214875108295e-06
2.2085994807222702e-05
-4.470080713688013e-06
-1.9707782915194067e-05
1.0453946538203695e-05
-1.673351311358824e-05
1.455262352909105e-05
-1.350340464598665e-05
1.7547265101910987e-05
-1.4990382490362115e-05
-1.5995209371314406e-05
2.152111583949365e-05
2.715021896358388e-06
3.7209161388507274e-06
2.134690187941568e-05
-2.1645999054934057e-05
2.4971326287998725e-07
-1.7029741749518743e-05
-1.3161664365204857e-05
-7.651934544708889e-06
-1.9735378383808393e-05
4.207400404516833e-06
-2.0524214843763238e-05
-1.454372432869111e-06
2.0792567054087273e-05
-1.5159254535537621e-05
-1.4252758261346622e-05
-1.1748118553466204e-05
1.7163836673463108e-05
1.6882277051838423e-05
1.192139615171417e-05
6.859996691490705e-06
1.9298975859013938e-05
-6.744565170070383e-06
-1.926394386456863e-05
-1.1175200237226374e-05
1.7016293267590467e-05
9.06368114152661e-06
1.819739515496748e-05
1.9313064490301838e-05
6.108846569114858e-06
-1.5143388031876093e-05
1.3331812443246383e-05
1.9363173584476034e-05
-4.995066542597349e-06
1.9912556437165796e-05
-1.6909149588745787e-06
-1.3767083541883318e-05
1.4431931818289736e-05
6.312418248062529e-06
-1.8890362750644956e-05
1.7396810708020404e-05
9.691463732331526e-06
-4.102003545204645e-06
1.9364081453374705e-05
1.8261090409362136e-05
7.395770770224103e-06
-1.601972311898782e-05
1.1461363863436034e-05
-1.8624857035840848e-05
-6.3132500961070866e-06
-1.9506569181581417e-05
4.1164527960753717e-07
-8.20563859530221e-06
1.7699539591321116e-05
-1.84931271387107e-05
-5.72341928619604e-06
-1.8902823769901657e-05
3.7085465736498915e-06
-1.8510902075493663e-05
5.322322586612524e-06
9.732077648513776e-06
1.641650716219778e-05
1.6963471492947746e-05
8.299415510416352e-06
9.105215721767056e-06
1.6448352716855e-05
-1.7535064814887887e-05
6.330386697194746e-06
2.6357097465219485e-06
1.8370420161660078e-05
-1.3665878451887089e-05
1.2426079923960644e-05
-1.8362107193319154e-05
1.6836405851127293e-06
-1.8058883229473908e-05
-3.085214263124556e-06
-1.7500057885573683e-05
4.931958085749699e-06
1.8093416389861228e-05
-1.3482987116706368e-06
5.016754480095531e-06
1.7406421079679848e-05
1.4003168234830207e-05
-1.1450515029898473e-05
-1.4504903900718347e-05
1.0785729995466564e-05
1.6924586832761962e-05
-6.186612873112951e-06
1.1165271302318258e-05
1.410634867546745e-05
-1.643881997967548e-05
7.217980148165243e-06
-7.137937136701605e-06
1.6332175977706005e-05
-5.628236236693285e-06
-1.6841968782744686e-05
-1.5574186190806127e-05
8.430534969515458e-06
-5.058525899599653e-06
1.6962675870805467e-05
1.7308774045710907e-05
3.2079636868975748e-06
-1.0714687115660759e-06
-1.750354321357711e-05
-1.74612768296456e-05
1.0687496761228043e-06
-1.538518705250608e-05
-8.128828348440448e-06
-3.686849765165888e-06
1.6980943108386437e-05
-1.0431569250073297e-05
1.3760245510315357e-05
9.58901788610693e-06
1.42478293771282e-05
-1.0504928576983528e-05
1.3530270266329025e-05
1.1004016645831283e-05
1.296065304932123e-05
1.5735090931287277e-06
-1.680781985562965e-05
-1.3764323038910341e-05
9.733970929252114e-06
1.385636631528314e-05
-9.602446916730698e-06
4.818029840662375e-06
1.610768325492179e-05
1.5876712955688043e-05
5.106553615662923e-06
-1.3202426815058121e-05
1.0119034722563005e-05
1.3982943898555845e-06
1.6380513755946194e-05
-8.385495168978345e-07
1.639299735359547e-05
-1.5852191743958544e-05
2.976467010863737e-06
1.539509004377879e-05
4.750215521963267e-06
-9.138445232762149e-06
-1.3235310566385938e-05
-1.2492447585098862e-05
-1.0012211237435175e-05
-2.792613100971995e-06
-1.575061759079735e-05
-2.253391827520157e-06
1.582924456570653e-05
-1.0495564758743047e-05
-1.2058268934057192e-05
-1.376734345326165e-05
8.113048645943033e-06
-5.723055995630777e-06
-1.483025137328986e-05
-1.3472196083047395e-05
-8.25939446964008e-06
-1.288272223041985e-05
9.06139015400112e-06
6.465660150841268e-06
-1.4328600615363888e-05
1.3211046678110746e-05
8.485081365994408e-06
-1.0291587782392864e-05
-1.1814371499959758e-05
-4.948168909945539e-06
1.4846087566179556e-05
-7.3137585994219465e-06
-1.3803382061443075e-05
1.5043329120027343e-06
-1.545667938915698e-05
1.5244551623588621e-05
-2.803810890955133e-06
-4.978855720471964e-06
-1.4629724636662136e-05
-4.907096198324887e-06
-1.4633705549517738e-05
-1.5078093720341468e-05
2.989062173683804e-06
-1.485025967613724e-05
-3.899555818550976e-06
4.670239472006302e-06
1.4624231719209568e-05
-1.4633619572757577e-05
-4.300955488974485e-06
3.305271537262455e-06
1.4878408273865218e-05
-1.2625457394520583e-05
8.424753156842574e-06
9.216899909456052e-06
1.2008244366616392e-05
1.4530399156086713e-05
-3.600094086795652e-06
-5.116710828208457e-07
-1.4960001938366975e-05
-1.488038326848229e-05
-2.5867460428918853e-07
-7.240725019204336e-06
-1.2992094427766611e-05
3.817451574971487e-06
1.4347153022649106e-05
-5.302044181364658e-06
1.376091349332089e-05
-6.4107449002846345e-06
1.3262225194847326e-05
-1.1541424415627888e-05
-9.107483083534263e-06
-6.951923782455197e-06
-1.2941625241398191e-05
-1.099644298221325e-05
-9.680082544974225e-06
-1.1149473847035463e-05
9.451245588028456e-06
3.996628692494252e-06
-1.3960619954679405e-05
-1.418481295015428e-05
-2.984519388531226e-06
1.3753276139232396e-05
4.404071349534217e-06
-1.4372935636204161e-05
-1.067436748267904e-06
5.711670514594591e-06
1.3142946666808236e-05
-1.3991453790307667e-05
-2.564986689223621e-06
1.0611295325150594e-05
9.442609569799448e-06
9.357353245309282e-07
1.4166777829582303e-05
-5.041424561585017e-06
1.3270778460089726e-05
7.992522344620446e-06
1.1633462765899001e-05
-4.989729647460037e-06
1.3076979051770574e-05
-2.329013747610714e-06
-1.3423796847842253e-05
3.7190370686241774e-06
1.3086156965453947e-05
-8.172745461153097e-06
1.0828519770236244e-05
1.2773502979945853e-05
-4.2544804592780445e-06
-1.3157735138695337e-05
-2.7834671517048547e-06
1.0291867401246755e-05
-8.293209049940409e-06
4.055942479540761e-07
-1.3141366065013327e-05
-8.9574008727792e-06
9.606228560573499e-06
-1.3077301873286846e-05
-7.155365961830328e-07
1.1253100207878757e-05
-6.443883462473723e-06
-4.314575198602845e-06
1.2214705049488607e-05
1.1105160720434147e-05
-6.6502304354290745e-06
-1.1650131274301871e-05
5.353808703520896e-06
6.954154007951421e-06
-1.053128984924301e-05
-6.782726304687687e-06
1.0638405047697245e-05
-8.961817931365968e-06
-8.814144750008523e-06
3.0236131015573543e-07
-1.2560002908188081e-05
-8.443760902344957e-06
9.296066934666503e-06
-1.2155178934013966e-05
2.5793535918916256e-06
-1.0032781741514868e-05
7.143339480207716e-06
-1.1475957110348434e-05
4.405789366370469e-06
3.335826687232146e-07
1.2286038511567996e-05
-1.0592756289297401e-07
-1.2288082575439577e-05
1.071947325758843e-05
5.71151164235939e-06
-8.908572144060226e-06
-8.225613717469133e-06
4.347349985503794e-06
1.1314129998265406e-05
-9.917734313491137e-06
-6.94260516010272e-06
-7.246697550954931e-06
-9.603931284980316e-06
-6.3956338572218054e-06
-1.0162853486977541e-05
-1.041451626394086e-05
5.869142362936134e-06
-1.1087618615663292e-05
4.327727506038031e-06
-6.080747281715121e-06
1.0195692712020123e-05
-7.141424485217485e-06
-9.354360118416226e-06
1.1536888115195043e-05
2.24047330611854e-06
-2.0060618476154604e-06
-1.1553270779827967e-05
1.1336582835982823e-05
2.945598605652189e-06
-1.1217392264884108e-05
3.056376876015357e-06
8.120105957060822e-06
-8.268326611888976e-06
6.339898279333728e-06
-9.630721551592468e-06
-1.8200882379237616e-06
-1.1377092527622867e-05
-9.98397638666737e-06
-5.690426119035808e-06
-2.3557951884902727e-06
1.1206922386776175e-05
-3.3410088103460467e-06
1.0920969683900535e-05
7.695960229298229e-06
-8.391020739784295e-06
6.9531939002296265e-06
8.937842525560363e-06
-4.687084821316592e-07
-1.1263961303296363e-05
7.352180990839008e-06
8.510905424021387e-06
1.1461491611516605e-06
1.1177881487944386e-05
-5.457342002667814e-06
-9.672887936933072e-06
-6.890774859559634e-06
8.688456591064118e-06
-8.748525723131911e-06
-6.7466835337706005e-06
-1.603615915642731e-06
-1.0797733936376507e-05
9.211888302495406e-06
-5.746879890870568e-06
-1.0798325165033565e-05
1.1032211943137055e-06
-6.570566634419461e-06
8.629619077101123e-06
-2.2920054805148984e-06
1.0545237970103123e-05
-4.907599113398817e-06
9.555214623826206e-06
-1.0222660107786162e-05
2.8899915544576755e-06
1.8273673145940694e-06
-1.0389673445275541e-05
-1.0487459092383914e-05
-7.669351780278388e-07
8.674483216427067e-06
-5.919959882446013e-06
8.515607109563825e-06
6.137285386135002e-06
3.040296942174711e-06
-1.0042578168293108e-05
9.627421361179957e-06
3.9489661148388586e-06
-1.0163326522794545e-05
1.78149758743526e-06
3.440737460220361e-07
1.0287098528192227e-05
8.689996329699332e-06
5.385577168657215e-06
9.644721225132435e-06
3.276097312185847e-06
-1.0124661443571374e-05
2.2586457215165167e-07
6.712792419416504e-06
7.495948290831681e-06
-7.81041370426888e-06
-6.266487640794016e-06
-7.56819568420224e-06
6.453875849981486e-06
-8.437408467754092e-06
5.199668001173441e-06
-4.132697107180489e-06
-8.96808238778158e-06
-2.8378479710435796e-06
-9.42772908081219e-06
-1.990398515833717e-06
-9.559261051046934e-06
-8.159374265517535e-06
-5.297904644247786e-06
-9.522407237284369e-06
1.8409141235489202e-06
5.56944312229566e-06
7.822498893428662e-06
-1.9803508465115265e-06
-9.380717252400847e-06
-9.479149462145216e-06
-1.3246500280595653e-06
-5.243213144562442e-06
7.987584089444666e-06
3.467370178563342e-06
-8.808349733744882e-06
-6.678816960249065e-06
6.49082510656096e-06
2.470204954727086e-06
-8.924052872099058e-06
8.072721717177417e-06
-4.4077720751597995e-06
5.915919813770265e-06
6.989324526864328e-06
6.391733438280381e-06
-6.517702559562528e-06
-5.37489134948723e-06
-7.220024059812921e-06
-8.859656345303058e-06
-1.5214019126517098e-06
5.441118251591399e-06
7.149362956660488e-06
4.6205656410881755e-07
-8.954097389201996e-06
-4.583564514159019e-06
7.685042411829538e-06
-8.260671019339957e-07
8.812237501404119e-06
0.00070599497604
0.000731371215587
0.000595536626031
0.000496285564724
0.000384773390576
0.000570652334423
0.000559805878065
0.000597445349965
0.000525018681057
0.000512311107289
0.000503838869406
0.000569450934589
0.000512240822784
0.000601370791735
0.000643361983386
0.000816688454714
0.000487460649121
0.000639773082044
0.000514167746883
0.000591681000063
0.00048427029968
0.000813702875361
0.000373030407781
0.000435636897527
0.000631426408303
0.000531444357001
0.000289220234812
0.00053248177027
0.000481118226703
0.000625453289977
0.000572056078451
0.000571017187311
0.000513688070692
0.000641022626925
0.000494461706587
0.00064850357642
0.000411491368365
0.00051543946585
0.000553816877643
0.000492831967678
0.000489363300956
0.000450619724734
0.000467894583692
0.000407285393103
0.000505471035797
0.000812846912189
0.000364365127336
0.000445497326641
0.000494300353112
0.000525808890849
0.000485297013226
0.00051597154555
0.000396649966019
0.000459442597991
0.000582024860472
0.000623590227853
0.00043117475442
0.000467306240495
0.000477689951908
0.000554399117226
0.00056142260679
0.000533022074302
0.000456882309596
0.000502131308784
0.000644954273901
0.000563570231559
0.000664371719376
0.000461418370383
0.000637668139565
0.000860056816994
0.00046546258974
0.000484703785489
0.000465975638713
0.000464733353518
0.000408564535047
0.000530920213325
0.000466374813946
0.000525823618539
0.00042336661476
0.000438765871825
0.000529100085002
0.000458156861323
0.000465753460193
0.000408030020462
0.000401228281264
0.000468071669742
0.000467658834165
0.000404791253563
0.000525926608986
0.000520583513328
0.000471159392859
0.000386710441808
0.000514755329713
0.000321470928708
0.000343290249976
0.000498069478588
0.000430146448895
0.000404635375478
0.000479865289288
0.000425042173845
0.000419471965459
0.000563796959944
0.000404558695049
0.000478495520265
0.000409185488632
0.000477124863992
0.000439492275042
0.000372965456067
0.000578880242846
0.000370543210792
0.000468279007153
0.00047561865511
0.000430451293651
0.000417610562653
0.000338334060108
0.000394937083661
0.000330277529386
0.000401476051381
0.00038122218722
0.000450728753914
0.00034142660129
0.000313352578607
0.000457720096389
0.000470662055437
0.00038861438678
0.000484837955641
0.000474638211932
0.000404735243566
0.000475743089557
0.000407037839582
0.000484144756788
0.000491583359862
0.000436323930773
0.000382803344256
0.000406100960603
0.000490997291334
0.000371567123635
0.000409844004815
0.000571869596615
0.000539047837025
0.000427368644342
0.000529123967661
0.000911502454819
0.000529310488173
0.000464837591553
0.000453942811409
0.000452650415294
0.000498356586536
0.000387576612444
0.000398123781794
0.000344523588342
0.000552588378664
0.000365816290463
0.000460887744912
0.000536256827125
0.000432369900105
0.000384329101291
0.000426175440821
0.000399878204861
0.000354064978965
0.000544385114587
0.000338659447028
0.000510970044578
0.000493585729753
0.000363579053242
0.000458898950618
0.000387683062833
0.00033051041729
0.000558383833808
0.000395000634582
0.000497751789148
0.000411240637649
0.000418720745773
0.000446497424311
0.000297249460965
0.000280405000644
0.00034007493212
0.000380964191941
0.000473068533912
0.000469605254988
0.000435875568561
0.000583938414382
0.0003313544459
0.000439365673837
0.000366989647251
0.000402769279474
0.000459869622163
0.000382821137611
0.000411547540848
0.000479824118184
0.000421652216531
0.000501996144879
0.000381178187021
0.000383965853488
0.000364625353761
0.000326060447624
0.000363777227218
0.000291888521375
0.00044570634681
0.000477230930032
0.000485835631036
0.000371810610013
0.000420437489542
0.000382823082641
0.000377690856946
0.000540469040676
0.000685890243799
0.000398680951553
0.000432021633491
0.000382972326052
0.000460670160682
0.000384479687673
0.000332179346246
0.000405644355688
0.000340885319319
0.000289237190575
0.000417750322436
0.000527844407454
0.000591615480921
0.000341083342036
0.000413534148686
0.000391487025136
0.000491727561937
0.000524901022786
0.000705011701181
0.000361433604376
0.000394837662427
0.000422716432913
0.00042398792211
0.000465639909933
0.000553320425296
0.000479274977795
0.000416867345191
0.000350192034333
0.000359918661854
0.000439799519367
0.000500180709911
0.000499097790602
0.000359410601474
0.00040584071789
0.000288640024805
0.000329169940559
0.000378173296815
0.000425988156618
0.000340072432363
0.000311951177929
0.000292251141663
0.000324076358547
0.000354166347654
0.000307758712413
0.000398553388091
0.000316033907134
0.000369034857533
0.000498974270525
0.000307241838731
0.000433327483072
0.000330682557539
0.000324056537678
0.000520808957669
0.000366250311398
0.000280193503974
0.000427193802313
0.000370874841885
0.000500963189756
0.000418854858113
0.000389397935691
0.000330528666078
0.000450927998176
0.000497586543196
0.000321502455424
0.000663143042297
0.000543328262459
0.000443076348325
0.000449222871557
0.000599162283555
0.00041239859636
0.00032636432173
0.000354812936658
0.000361750287534
0.000393201789594
0.00029971389795
0.000331615544862
0.000378664450965
0.000469429591473
0.000346620218809
0.000260817565557
0.000333860972419
0.000368240989164
0.000248424160265
0.000417339587622
0.000388918692902
0.000332919294037
0.000716127555135
0.000417675739733
0.000291660941085
0.000458991182896
0.000435077290024
0.000427109638115
0.000302025186318
0.000476421075963
0.000217518896398
0.000366688060707
0.000369025589702
0.00055652803759
0.000338763588826
0.000674215697895
0.000269184158852
0.000606815949544
0.000490294336945
0.000713885281459
0.000360599815127
0.000317164900489
0.000493017398808
0.000452099392481
0.000446866914311
0.00031173706923
0.000349624870658
0.000304911570781
0.000507266657696
0.000294711015685
0.000281802359444
0.000337186677118
0.000429933142893
0.000455983196469
0.000430647516269
0.000300053172137
0.000523137035222
0.000462846743836
0.000430656898147
0.000266601624152
0.000406547256044
0.000332664277619
0.000496291767056
0.000271578622874
0.000333330420151
0.000353555258277
0.000463427825631
0.000481050754875
0.00036618318469
0.000363925318198
0.000408575837765
0.000456590074002
0.000346812703739
0.000456419981587
0.000321841073785
0.000238675927863
0.000442497581202
0.000336804144416
0.00049507476337
0.000243740302687
0.000399337894826
0.000377957573037
0.000628895192507
0.000321441547389
0.000474061717067
0.00038167754246
0.000439986998686
0.000367795753338
0.000469753635573
0.000455726652093
0.000463571673795
0.000422439369967
0.000335120657785
0.000478175656711
0.000413045038886
0.000469095401146
0.000341548548346
0.000244419165956
0.000285895623328
0.000516069114585
0.000551052350117
0.000402809281935
0.000494617112189
0.000395812399892
0.000401474870211
0.000525683581182
0.000347249666143
0.000370962813555
0.000288920745742
0.000383824173709
0.000395133968115
0.00022851623615
0.000408964339921
0.000282259748824
0.000256333451962
0.000394958217962
0.000325254479068
0.000456086915487
0.000472880005744
0.000424254422119
0.000239179805211
0.000299932754724
0.00029340917421
0.000370073024112
0.000435916922268
0.000208813408657
0.00031230236262
0.000238635791071
0.000582608349816
0.000369901941515
0.000309779020961
0.000566461554053
0.000429466077147
0.000282669889372
0.000367081487319
0.00036620611535
0.000319710761532
0.000695844483207
0.000206496925078
0.00071509023773
0.000223660574514
0.000353864211333
0.000317679383108
0.000405696136933
0.000573779714041
0.000324161401189
0.000486403470597
0.00051180308213
0.000195011366406
0.000333147165233
0.000273266044267
0.000488065795582
0.000239299965444
0.00049297538822
0.000380480744453
0.000374496753243
0.000453582219438
0.000364025018496
0.000484064122356
0.00041118375354
0.000491597819339
0.000379469683333
0.000406575634232
0.000416347341321
0.000252738648489
0.000271832446521
0.000420853481816
0.00039923301062
0.000363431442138
0.00023882890627
0.000218454629781
0.000490809745133
0.00025729618171
0.000321912776525
0.000286906880811
0.00032307438623
0.000431571101807
0.000377059967404
0.000547955997083
0.000462429247014
0.000290490903409
0.000438466633705
0.00020885923986
0.0003052288343
0.000514223712197
0.000380202919992
0.000608866451593
0.000471074422734
0.000289174395052
0.000241598766129
0.000440528390662
0.000528528369692
0.00044962073571
0.000350025143463
0.000195999239001
0.000307280573734
0.000333278035547
0.000389220404024
0.000288104417853
0.000282804636255
0.000362283424473
0.000395410420574
0.000469923201201
0.000872533432771
0.000539604031338
0.000468582077978
0.000481939443117
0.000413932425505
0.000405875349489
0.000504817331921
0.000352794012272
0.000379616324637
0.000427393427789
0.000350516499982
0.000246290373778
0.000361062775329
0.000380274261852
0.00032578721299
0.00015891447504
0.000396126742626
0.000369885006373
0.000289178227359
0.0004400113867
0.000492588820436
0.000439162620964
0.00046650956796
0.000464848922888
0.000464528741367
0.000213755997011
0.000408295469812
0.000389740831703
0.000278586565678
0.000376793970803
0.000223014173953
0.00043290577346
0.000282977283552
0.00044235856547
0.000428692617852
0.000181103783032
0.00045805669085
0.000222812071666
0.000549905374894
0.000263656512139
0.000536457772674
0.000325793191165
0.000382926150438
0.000408326607068
0.000491510356565
0.00048755333355
0.000474051290826
0.000427547105222
0.000291575356529
0.000520876893846
0.000218363042333
0.000535139223378
0.000423937950778
0.00037143958717
0.000260546168842
0.000400586507675
0.000299385439378
0.000345077202692
0.000284901308301
0.000343771769161
0.000286447537269
0.00030240253192
0.000210080182185
0.000468503324154
0.000384250779045
0.000636230500499
0.000637840096852
0.000464483236178
0.000378391117218
0.000323690169599
0.000185790274962
0.000373012089323
0.000522684368461
0.00054341960687
0.000295784166026
0.000309820591448
0.000601704715267
0.000417733955943
0.000577510964536
0.000463660130257
0.000444217609495
0.000174683591003
0.000264688421266
0.000307510519723
0.00023794641737
0.00030835892674
0.000403994473481
0.000563670397138
0.000315373492323
0.00022843522202
0.00048131237949
0.000304717861873
0.000404020163025
0.00046299880255
0.000271153184291
0.000537044896993
0.000425642897675
0.000455778527489
0.000322169654748
0.000409083101813
0.000283543277572
0.000301787398265
0.000388826639986
0.000386681546695
0.000241810874982
0.000347384006141
0.000275021215358
0.00034868879689
0.000611223183907
0.000588005228827
9.44394998372e-05
0.000105684939587
0.000343842282694
0.000348503029429
0.000363264196671
0.000143508376185
0.000402508334598
0.000351207077266
0.000359704334361
0.000488240194268
0.000364384036992
0.000586671556716
0.000418838816676
0.000436313848786
0.000144784422413
0.000270778343376
0.000329947742533
0.000475072254036
0.000460911609842
0.000368292887641
0.000449629733958
0.000367381429136
9.91250842065e-05
0.000390105616363
0.000421440745334
0.000309948710488
0.00043989129184
0.000442646748119
0.000520003981444
0.000174166531728
0.000108025151395
0.000502557986678
0.000250743080849
0.00049136031535
0.000444906645155
0.00040054742013
7.3441292031e-05
0.000413720679157
0.000466268716994
0.000404199766497
0.000344489577656
0.000384110834843
0.000366539967859
0.000411272289224
0.000406296735452
0.000103516278864
0.00034940742856
0.00046263114332
0.000376295060434
0.000393497775879
0.000273434485013
0.000115200100836
0.000478200261249
0.000256679714636
0.000448036149322
0.000442473477651
0.000246013562675
0.000428411988828
0.000306624763645
0.000444051376803
0.000472245111364
0.000378194796064
0.000315875697966
0.000177462500711
0.000313925219599
0.000473081241901
0.000396221306785
0.000490007266488
0.000382825131275
0.000337477260815
0.000411554823242
0.000396468745403
0.000438547277078
0.000477014311653
0.000612699580441
0.000381678103865
0.000258732888949
0.00046741219515
0.000379521395206
0.000441862411244
0.000317453200894
0.000447130167411
0.000301047604911
0.000153744839229
0.000253858806318
0.000381630793945
0.000428172183194
0.000228873946689
0.000405036291887
0.000594459450728
0.000348727843713
0.000314716691202
0.000450606595639
0.000361115385287
0.000367219401811
0.000195681543695
0.000314066670413
0.000487001809827
0.000345642863548
0.000429070219229
0.000430865646175
0.000513996856781
0.000275305768171
0.000563954122351
0.000358730166369
0.000338935445565
0.000407600100717
0.000430470871646
0.000427825682808
0.000270638986907
0.000509182652954
0.000452122863142
0.000270978360211
0.000487692865937
0.000298496792975
0.000465769887566
0.000428739288213
0.000310345371311
0.000455355463672
0.000418440653996
0.000379511923234
0.000373848250854
0.000289990930708
0.00030713416543
0.000493657472393
0.000243456579105
0.000408506322577
0.000463659892873
0.000360093051657
0.000380158639433
0.00050543470967
0.000361942590499
0.000454676300944
0.000410887677071
0.000383140693757
0.000308248743281
0.000366234417177
0.000416663222859
0.000207934176791
0.000222335829885
0.000325105959444
0.000342386188389
0.000395378484595
0.000340267692318
0.000453033698891
0.000355863300694
0.000379510219902
0.000444374439358
0.000337727624879
0.000340208199107
0.000450040531308
0.000375234701438
0.000362935352354
0.000458908386637
0.000376062096317
0.000315701980013
0.00035546295473
0.000414469001805
0.000328601308177
0.000395288322203
0.000380795457566
0.000332630519323
0.000346408864149
0.00027391963253
0.000325956502183
0.000389566243366
0.000304711183661
0.000406560820704
0.000338897631454
0.000392316754366
0.000534822794442
0.000162648061998
0.000436454813435
0.000329848604955
0.000275664335135
0.000268104269197
0.01
0.00036740325012
0.000515168533323
0.000441833060999
0.000274902320536
0.000323876101048
0.00040077402501
0.000131052496882
0.000319190861255
0.000380266394534
0.000371182732582
0.000402067378626
0.000427955416493
0.000340140784817
0.000273749488001
0.000259880735383
0.00039891292102
0.00021141832529
0.000377809004659
0.000385597244292
0.000308143995752
0.000368790603054
0.000409645254321
0.00033218779014
0.000316511705281
0.000352716777463
0.000373958407564
0.000331678808796
0.000444327057756
0.000338726490163
0.000315652863963
0.00033318614016
0.000359195248076
0.000429071220541
0.000316972196111
0.000459049384377
0.000372818775568
0.000288781393952
0.000311809582593
0.00036255959607
0.000296440803435
0.000390220884832
0.000357740935541
0.000309899425181
0.000358891624001
0.000376665380578
0.000285473413272
0.000341781812588
0.000354019069032
0.000347632350938
0.000315314316384
0.000315880058973
0.000365085127171
0.000282165644165
0.000398800630851
0.000336176190491
0.000365417881384
0.000328366845479
0.000343396359525
0.000359952882011
0.000400131368951
0.000361356895837
0.000334733012532
0.000350552076573
0.000320808336087
0.000485911594248
0.000329359429531
0.000396599994471
0.000325923717451
0.000264281832792
0.000406855854659
0.000335580633451
0.000228088466602
0.000250810116723
0.000380610382095
0.000217455408163
0.000209123052175
0.000362147703659
0.000372260532577
0.000371464238504
0.000339742388609
0.00033168420051
0.000323749295615
0.000400828719141
0.000362880530259
0.000269366624639
0.000126458066459
0.000330015192519
0.000332228453442
0.000336969290224
0.000376889906866
0.000323628128267
0.000351104765421
0.000379352477965
0.000327352400495
0.000338677460789
0.000313889137375
0.000279785432194
0.000281779680108
0.000329114680773
0.000452884813076
0.000220996607136
0.000294368097173
0.000317737026814
0.000197483830534
0.000471555052151
4.00658872991e-05
0.000257543532364
0.000395233350338
0.000340098097611
0.000383168146833
0.000334163734073
0.000441192895135
0.000247944724005
0.000287630484833
0.000298201938689
0.000298970571824
0.00017147774225
0.000308350280265
0.000298322056961
0.000313549295841
0.000338708022498
0.000334756865629
0.000317626341799
0.000452373451986
0.000294083501408
0.000281966736019
0.000343681497305
0.000366337781404
0.000298650861023
0.00027314223857
0.000291362965391
0.000348879774647
0.000260077883987
0.000250539808126
0.00024487718353
0.000320566546037
0.000294861963772
0.000292136210747
0.000291923988129
0.000387895942243
0.00034550764945
0.00026644957642
0.000341904085393
0.000292290504528
0.000343261125991
0.00028672758508
0.000274029519264
0.000354597987316
0.000340923208734
0.000302706947608
0.000417840861847
0.000441042828281
0.000273331105265
0.000292682393707
0.000352003638481
0.000243996553358
0.000378452630097
0.000283940982637
0.000302977623698
0.00029413020438
0.00022115550259
0.000296862217183
0.000325222883639
0.00029812376348
0.000293044718736
0.000202578716276
0.000357108287257
0.000300863604687
0.000315284743621
0.000265695249821
0.000318089949709
0.000266813884617
0.000311646495995
0.00032479424674
0.000282908708733
0.000227864247661
0.000286596206908
0.000234258327975
0.000310359079695
0.000279928591891
0.000304358856383
0.000273892055979
0.00025223762231
0.000249661522639
0.000264308545676
0.000299710752469
0.000366507449243
0.000260615387014
0.000277342014838
0.000330106956272
0.000250977371543
0.00027440360488
0.000259309956644
0.000413366571447
0.000251274984061
0.000295324970395
0.000253880008446
0.00032708122993
0.000271143192111
0.000309553183608
0.00016183255575
0.000300566445495
0.00024168703771
0.000281084098403
0.000322303434269
0.000311704919613
0.000272459481177
0.000254216314897
0.000246800502964
0.000307906827011
0.0002450543921
0.00026200137273
0.000260211356555
0.000315132737548
0.000263226586579
0.000264531143067
0.000299363358814
0.000316084207644
0.000224324337567
0.000265995995654
0.000248982837496
0.000267955316651
0.000231238687804
0.000253453288613
0.000245862415502
0.00028189568406
0.000296335854957
0.000291505012569
0.000325329142957
0.000279316981071
0.000306932055829
0.000217111061812
0.00024198640286
0.000197281267011
0.000258165183117
0.00021892877049
0.000231825847741
0.000265637742294
0.000262157262526
0.000270289215531
0.000282256188887
0.000258477775692
0.000202064367941
0.00029753922943
0.000231568451873
0.000261140645318
0.000205910393473
0.00024438911888
0.000253446254405
0.000248340734721
0.000244204427496
0.000200281600993
0.000245380702858
0.0002378702841
0.000269809925313
0.000274353886976
0.000287162831757
0.00027319105972
0.000243111764097
0.00023861406541
0.000237049397905
0.000253610340012
0.000214790063839
0.000229869700999
0
