0.0251327412287
0.0510508806208
0.0369137136797
0.0973893722613
0.0439822971503
0.0212057504117
0.0424115008235
0.102101761242
0.069115038379
0.0392699081699
0.0997455667515
0.0722566310326
0.0463384916404
0.0675442420522
0.0840376034835
0.106028752059
0.0863937979737
0.0486946861306
0.0565486677646
0.0769690200129
0.0604756585816
0.0958185759345
0.0824668071567
0.213628300444
0.147654854719
0.0911061869541
0.180641577581
0.0887499924639
0.263108384738
0.0109955742876
0.0926769832809
0.265464579228
0.178285383091
0.267820773719
0.186139364725
0.227765467385
0.120951317163
0.162577419823
0.876504350352
0.261537588411
0.89928089709
0.421758813744
0.182997772072
0.224623874732
0.652665873783
0.344789793731
0.259966792085
0.477522083346
0.175143790438
0.390342887209
0.299236700254
0.316515459849
0.16414821615
1.00295345466
0.94090699975
1.07678088202
0.475165888855
0.869435766881
0.3282964323
0.343218997405
0.988030889554
0.278030949843
0.142942465738
0.90163709158
0.197920337176
0.170431401457
0.161006623496
0.432754388032
0.123307511653
0.489303055797
0.942477796077
0.322013246993
0.906349480561
0.20106192983
0.947190185057
0.365995544143
0.797179135848
0.439037573339
0.991957880371
0.913418064031
1.03044239038
0.955044166691
0.533285352947
0.973893722613
1.02337380691
1.0728538912
0.452389342117
0.471238898038
0.592975613365
0.192422550032
0.347931386385
0.625176938064
0.582765437241
0.978606111593
0.333794219444
0.880431341169
0.457101731097
0.885143730149
0.668373837051
0.293738913111
0.935409212606
0.611825169287
0.275674755353
1.05636052977
0.40448005415
0.217555291261
0.406050850476
0.556847297849
0.550564112542
0.353429173529
0.807389311973
0.369137136797
0.867864970554
1.02180301058
0.350287580875
0.139015474921
0.595331807855
0.779900376254
0.858440192593
0.8969247026
0.314944663522
1.0170906216
0.394269878026
1.00452425099
1.09877203059
0.659734457254
0.914988860358
0.775973385437
0.340077404751
0.24268803249
0.846659220142
0.235619449019
0.874148155861
0.190851753706
0.832522053201
0.861581785247
0.616537558267
0.581194640914
0.514435797025
0.29138271862
0.886714526476
0.871006563208
0.816814089933
0.53171455662
0.856869396267
0.270176968209
0.109955742876
0.12487830798
0.464955712731
0.24975661596
0.371493331287
0.694291976443
0.257610597594
0.245829625143
1.03829637201
0.434325184359
0.436681378849
0.252898208614
1.04772114997
0.424900406398
0.460243323751
0.828595062384
0.916559656685
0.363639349653
0.154723438189
0.454745536607
0.622035345411
0.734347282777
0.728064097469
0.44374996232
0.136659280431
0.545851723561
1.07913707651
0.882787535659
0.664446846234
0.762621616659
0.986460093227
0.569413668463
0.851371609123
1.17731184693
0.272533162699
0.952687972201
1.08934725263
0.89456850811
0.81131630279
0.146084058392
0.849015414633
1.06578530773
0.428041999052
1.0406525665
0.689579587463
1.0257300014
0.786968959724
1.05321893712
0.959756555672
0.4484623513
0.605541983979
1.00688044548
0.688008791136
0.458672527424
0.601614993162
0.237975643509
0.826238867894
0.141371669412
0.928340629136
1.01551982527
1.10112822508
0.445320758646
0.382488905575
0.722566310326
0.93383841628
1.25271007062
1.31475652553
1.33203528512
0.672300827868
1.23228971837
1.38858395289
0.325154839647
0.673871624195
0.552920307032
0.230121661875
0.931482221789
1.23071892204
1.09170344712
1.39172554554
0.82074108075
0.651095077456
0.319657052503
0.98017690792
1.05478973344
1.26134945042
1.26370564491
0.61496676194
0.984103898737
0.385630498228
0.377776516594
0.303163691071
1.36109501717
0.468097305385
0.757123829515
0.388772090882
0.128805298797
1.13882733693
0.157079632679
1.24328529266
1.01944681609
0.572555261117
0.331438024954
1.2574224596
0.815243293607
0.640099503169
0.607112780306
0.90399328607
1.00138265833
0.702145958077
0.486946861306
1.17574105061
1.19223441204
0.49244464845
1.33753307227
0.0801106126665
1.3304644888
0.790895950541
0.834878247691
0.962898148325
0.380132711084
1.29669236777
0.523075176823
0.603971187653
1.2102985698
1.38151536942
0.691935781953
1.14668131856
1.42078527759
0.361283155163
0.6565928646
1.13175875346
1.09327424345
0.373064127614
0.77440258911
0.310232274542
1.11526539202
0.585121631731
0.841946831162
0.442179165993
0.890641517293
0.52700216764
0.957400361181
0.838019840345
1.38387156391
0.561559686829
0.555276501522
1.39015474921
1.41921448126
0.498727833757
0.402909257823
0.759480024005
0.784612765234
0.152367243699
0.977035315266
0.918915851175
0.706072948894
0.419402619254
1.23700210735
1.06892690038
1.45612819494
0.642455697659
0.73748887543
1.28334059899
1.27077422838
0.85529859994
1.17888264326
1.30768794206
0.743772060737
1.15924768917
0.517577389679
1.15689149468
0.61025437296
0.801891524829
1.27862821001
1.07521008569
1.35952422084
1.39800873085
1.06735610406
1.10819680855
1.36266581349
0.823097275241
1.11683618835
1.0642145114
1.19459060653
1.06185831691
1.15060830938
1.18045343959
0.495586241104
1.0964158361
0.539568538254
0.638528706842
1.34774324839
1.26920343205
1.38701315656
0.565486677646
0.768904801966
1.14118353142
0.567842872136
0.307090681888
1.05871672426
1.1843804304
1.08542026182
0.399767665169
0.502654824574
1.31946891451
1.34224546125
1.24799768164
1.35638262819
0.543495529071
0.288241125967
0.666803040724
1.01002203813
0.484590666816
1.37287598962
0.579623844587
1.441991028
0.462599518241
0.925199036482
0.753196838698
1.42235607391
1.44670341698
1.12626096631
0.297665903928
1.20322998632
1.10426981774
0.865508776064
1.1286171608
1.34460165574
0.765763209313
0.793252145031
0.712356134201
0.232477856366
0.505011019065
1.37051979513
1.36580740615
1.30219015491
0.939336203423
0.73277648645
1.12469016999
1.25585166327
1.15453530019
1.45455739861
1.28726758981
0.509723408045
0.376205720267
0.748484449718
1.44984500963
0.662876049907
0.795608339522
1.43727863902
0.717853921345
1.39408174003
0.28195794066
0.911061869541
1.31082953471
1.30376095124
0.417046424764
0.720995513999
0.677013216849
0.41154863762
1.65954631926
1.29904856226
0.680940207666
1.20872777347
0.636172512352
1.05164814079
0.589048622548
1.41764368493
1.46398217657
0.480663675999
1.32575209981
0.878860544842
0.355785368019
1.21579635694
1.30533174757
1.27627201552
1.02887159405
1.49382730678
0.670730031541
0.397411470679
0.945619388731
1.40272111983
0.805818515646
0.629103928881
1.26763263572
1.21893794959
1.16631627265
1.43256625004
0.313373867196
1.54252199291
0.548993316215
1.42549766657
1.45926978759
1.72159277417
1.5684401323
1.29040918246
1.44042023167
1.39957952717
0.598473400509
0.950331777711
1.70824100539
1.62106180925
1.119977781
0.699789763587
1.30061935859
0.799535330339
1.7058848109
1.51424765903
1.53702420577
1.51896004801
0.20577431881
1.74751091356
1.32889369247
1.66897109722
1.65247773579
0.704502152568
1.48597332515
1.49068571413
1.46241138025
1.69253304212
1.57472331761
1.28569679348
1.24171449633
1.72002197784
1.4011503235
1.39643793452
1.16160388366
1.50246668658
1.42942465738
1.33517687778
0.685652596646
1.29433617328
1.74908170989
0.431183591705
1.1136945957
0.537212343764
1.46790916739
1.87238922154
1.47654854719
1.43492244453
1.20087379183
1.64933614313
1.74122772825
1.34067466492
0.336935812098
1.1694578653
1.73101755213
1.52917022413
1.55980075251
1.21422556061
0.113097335529
1.59749986435
0.574911455607
1.67918127334
1.8818139995
1.40900430514
0.647953484803
1.28176980266
1.81191356296
0.683296402156
1.7380861356
0.28431413515
1.68546445865
1.81584055377
1.37601758227
1.63048658721
1.14432512407
1.87474541603
1.49618350127
0.645597290313
1.65404853212
1.59043128088
1.48361713066
1.88024320317
1.3540264337
1.47026536188
1.60535384598
1.8260507299
1.87081842521
1.480475538
1.54016579842
1.77735604377
1.41293129595
1.19773219918
1.37915917493
0.966825139142
1.49932509393
1.59357287353
1.22679193123
1.48832951964
1.72473436682
1.84018789684
1.73651533927
1.58414809557
1.55116137271
1.75222330254
1.55587376169
1.51738925168
1.6886060513
0.998241065678
0.782256570744
1.73965693193
0.715497726855
1.78835161806
0.778329579927
1.8990927591
1.18830742122
1.63991136517
1.81426975745
1.7789268401
0.358926960673
0.844303025652
1.67761047702
1.65797552293
1.66111711559
0.741415866247
1.08227866916
1.40586271248
1.54644898373
1.76400427499
1.92815249114
1.89752196277
1.85903745276
1.58257729925
1.64462375415
1.79620559969
1.60771004047
1.69096224579
0.578053048261
1.82290913725
1.22443573674
0.697433569097
0.633816317862
1.95721222319
2.00590690932
1.64226755966
1.56294234516
1.85511046194
1.74594011723
1.63834056885
2.05617239177
1.57865030843
0.41390483211
1.77264365479
1.81898214643
1.9870573534
1.71530958886
1.6179202166
1.70038702376
2.04124982667
1.22914812572
2.0169024836
1.58650429006
1.76243347866
1.11133840121
0.559203492339
1.91794231502
1.93050868563
1.17259945795
1.78206843275
2.12999981913
1.84490028582
1.55822995618
1.83861710051
1.76636046948
1.86532063807
1.67211268987
1.99255514054
0.708429143384
1.87788700868
1.97134939013
1.6736834862
1.27313042287
1.79149321071
1.85746665643
1.82840692439
1.90223435175
1.80013259051
1.83390471153
1.35167023921
1.7938494052
1.71373879253
0.40919244313
2.02318566891
2.06088478075
2.01533168728
1.50717907556
1.81034276663
1.98077416809
1.89438037011
1.57236712312
1.52681402964
1.63362817987
2.1457077824
2.04360602116
1.600641457
2.00433611299
1.90930293522
1.95564142686
1.75772108968
1.84254409133
1.88809718481
1.88417019399
1.67525428253
1.85275426745
1.682322866
1.52288703883
1.80405958132
2.19911485751
1.93914806543
2.20932503364
2.02082947442
0.134303085941
1.75536489519
1.77499984928
2.0899445128
2.05460159545
1.95328523237
1.90459054624
1.98470115891
1.86846223072
2.06716796606
1.69646003294
1.77107285846
2.02946885422
1.56608393781
1.93600647277
1.92579629665
1.61477862395
1.99019894605
2.07816354035
2.16220114383
2.01297549279
1.51189146454
1.94935824155
1.94700204706
1.90066355542
2.2336723767
2.04517681749
2.1135064577
2.21168122813
1.96349540849
1.96663700115
2.12607282832
1.76086268234
2.07188035504
0.969966731796
2.283152461
2.13314141179
1.62498880007
2.14335158791
1.84804187847
2.1072232724
2.06559716974
2.0106192983
1.91244452787
2.081305133
2.27137148855
1.99569673319
2.23210158038
2.24623874732
2.32634935998
2.08366132749
1.90694674073
2.24859494181
1.96899319564
1.92344010216
2.07973433668
2.0750219477
2.10486707791
2.09544229994
1.94071886176
1.99805292768
1.63676977252
2.24152635834
2.20225645017
2.12450203199
2.18497769057
2.00119452034
2.23524317303
1.76950206213
2.30278741508
1.5535175672
1.86374984174
1.60299765149
1.86217904542
2.25409272895
2.34048652692
1.96192461217
1.94228965808
2.00826310381
1.97920337176
2.3389157306
2.18262149608
2.29179184079
2.15905955118
2.17869450526
2.40017678734
1.61242242945
2.36404847183
2.11115026321
2.30435821141
2.31221219304
1.53388261312
2.45436926062
2.11978964301
2.15670335669
2.25016573813
2.13942459709
2.19361707037
2.55175863288
2.36954625897
1.7852100254
2.16691353281
1.62891579089
2.2250329969
2.31456838753
2.60830730064
2.17084052363
1.61006623496
1.80641577581
2.05931398443
2.19754406119
2.41509935245
2.08837371647
2.05146000279
2.20461264466
2.38368342591
2.25252193262
2.36561926815
2.02711265973
2.08601752198
2.42530952857
2.55332942921
2.18969007955
2.21639361711
2.2572343216
2.21403742262
2.09308610545
2.34598431407
2.30121661875
2.50306394675
2.18026530159
2.09779849443
2.22189140425
1.92108390767
2.52191350267
2.26508830324
2.44258828817
2.27529847936
2.03496664136
2.55018783655
1.73415914478
2.20068565384
1.93286488012
2.54783164206
2.84471214783
2.62008827309
2.4912829743
2.23917016385
2.5384068641
2.10015468892
2.18733388506
2.32477856366
2.73082941413
2.03261044687
2.41195775979
2.5062055394
1.7294467558
2.26273210875
2.49363916879
2.61694668044
2.54469004941
2.17398211628
2.45279846429
2.28629405365
1.85039807296
2.15199096771
2.26037591426
2.53212367879
2.24309715466
2.49835155777
2.26980069222
2.43630510286
2.77559710945
2.1221458375
2.58788694839
2.46615023307
2.44023209368
2.95780948335
2.46065244592
2.70255508025
2.40253298183
2.8431413515
2.9782298356
2.39075200938
2.44965687164
2.34755511039
2.29886042426
2.59024314288
2.34441351774
2.34991130489
2.3538382957
2.76852852598
2.30749980406
2.35540909203
2.5148449192
2.90361701008
2.43080731572
3.09132717113
2.87455727803
2.40724537081
2.89733382477
2.72454622883
3.0512718648
2.35933608285
2.50149315042
2.59809712452
2.4268803249
2.49992235409
2.59181393921
2.60673650432
2.84706834232
2.5706081888
2.51248872471
2.58317455941
2.87691347252
2.29728962794
2.72061923801
2.83921436068
2.56118341084
3.04970106847
2.61066349513
2.93581833478
2.802300647
2.53605066961
2.46929182572
2.29414803528
3.07954619868
2.65307499596
2.82193560109
2.31692458202
2.60045331901
2.62558606024
2.20696883915
2.71826304352
2.44730067715
2.96723426132
2.31849537835
2.32006617468
2.78816348006
3.05912584643
2.58474535574
1.89202417562
3.04184708684
2.94445771458
2.63108384738
2.75124976638
3.09446876379
2.70726746923
2.52034270634
2.87220108354
2.88319665783
3.04813027215
2.51641571553
2.19204627404
2.38918121306
2.47243341838
2.2894356463
2.57296438329
2.97351744662
2.85963471293
2.14884937506
2.04831841014
1.71138259804
2.49678076144
2.58631615207
2.45672545511
2.40881616714
2.27372768304
2.56511040166
3.13373867196
3.00964576214
2.4182409451
1.66425870824
2.72690242332
2.82821878639
2.55647102186
2.83057498088
2.83214577721
2.38682501856
3.08818557848
2.67428074637
2.48971217797
3.09918115277
2.5297674843
2.61223429146
2.37661484244
2.90597320457
2.57610597594
2.39703519469
2.96409266866
2.79444666537
2.64836260698
3.07169221705
2.86591789824
2.28158166467
2.78973427639
2.51798651185
2.62872765289
2.42373873224
2.321636971
2.99943558601
2.42059713959
2.89576302845
2.81800861027
2.36797546264
2.96095107601
2.50934713205
3.03085151255
3.04341788317
2.8517807313
3.13216787563
2.64129402351
2.99707939152
2.55490022553
2.68920331147
2.79680285986
2.43394890837
2.74025419209
2.52426969716
2.89969001926
2.82429179558
2.32870555447
2.47714580736
2.90832939906
3.06697982807
2.11664805036
2.95309709437
2.22817458956
3.02849531806
2.66564136657
3.06226743909
2.69155950596
2.93346214029
3.00728956765
3.13530946828
2.17712370894
2.5941701337
2.60359491166
3.00257717867
2.90204621375
3.07404841154
2.83685816619
2.30985599855
2.74261038658
2.72847321964
2.66799756106
2.82664799007
2.75910374802
2.65464579228
3.12038690318
2.98844001173
2.37347324979
2.42923651939
3.04027629051
3.11645991236
2.93817452927
3.04655947582
2.67270995004
2.48735598348
2.98608381724
1.97449098278
3.11881610685
2.81172542496
3.10389354175
2.58081836492
2.46379403858
-0.026264983938727098
0.003516205057596559
-0.00712364472345997
-0.007192057255543091
0.0017020549142771958
-0.006452662398354924
-0.005183377045921535
-0.0032215089652409858
-0.00022597770773251247
-0.005945667146556472
-0.005227627954781944
0.002701645264735171
-0.00011409471708387916
-0.005844582506127582
-0.003426672349684385
0.004631146478665397
-0.0021686761824812333
-0.00523119724172995
0.0019889938316227564
-0.0051186563459245295
-0.005164191874378317
0.0010840117832655047
-0.00032913821819791913
-0.005263990174422023
-0.0012650405719984814
-0.004895930165355507
0.0022101965756730294
-0.003944177173514662
0.0004139757728455532
-0.003915846413904838
0.0030771193767763698
0.0017803520031843454
-0.0014824346762648574
-0.0032286485936156286
-0.00033468161411388835
-0.0033963019766609683
0.0031510538990170587
0.0012538907685275152
0.0019658124379753005
0.0025224982508763676
0.0030269826361773323
-0.0008062138537039394
0.0002856830148817662
-0.002789030339170209
0.0016736486588922054
-0.001981806325936278
-0.0023154976736847904
-0.0008791465992658065
-0.0017837638314086184
-0.0015662602205627155
-0.0023339479817963723
-0.000318855273317723
-0.00038479691315294645
0.002221200444826448
-0.001781210692562554
-0.0012901169036456386
-0.0017946552092064079
-0.0011484729517895061
-0.002074421466604015
-0.0003191609580709243
-0.001336957616959645
-0.0014310521202320725
0.0006558446133220699
0.001834318721557639
-0.001119294432002321
-0.0013801320518652222
0.0005231821697161879
-0.0016943814155015204
0.0002603353663745324
0.0016726788005961126
8.651791140141762e-05
0.0016763335000692355
-0.001658011726501639
-0.00025791586645683873
0.0013929812854733138
-0.0009041321298701626
0.001589952953091393
-6.932045712154097e-06
0.0015084873607217734
-0.0004725895188473255
-0.001516454928121226
0.0004295844115682459
-0.0010279517113258763
-0.0011857502526132395
-0.0006334880972093582
0.0014301226915030994
0.0007383032149562914
-0.0013539514160731039
-0.0014836730499213837
-0.00023454755532424526
-0.0013650936075491366
0.000559747658876374
0.0007074644964613053
0.0012215941437523554
-0.0011673893840575555
0.0007907626557464593
-0.00015799624516046645
0.0013981867115339065
-0.001385605268480743
1.6844026374328282e-05
0.001364325811008746
0.0001833441677089036
0.0009109538287604926
-0.0009995526611356136
0.00104683177002931
-0.0008277728815041111
0.0011750820697989024
-0.0005794633236108011
-0.00045114904513294895
0.0011724370263146392
-0.00034839966131392164
-0.0011881329598416206
-0.0008692079880298405
-0.0008604762763224151
-0.0011451107071341281
-0.0004121010709209757
-0.0008724457033234675
0.0008297264804803293
-0.0007303271280858756
-0.0008982284253443118
0.0011372975247564195
-5.69671361905644e-05
0.0009641021690341776
0.000586351827206369
0.0011205572287079915
-1.6637086548975194e-05
0.0010577170602475577
-0.00027362717629786327
0.0007222582297705554
-0.000771422823760306
-0.0004727516866787526
-0.000934004849321955
0.001002458125759976
0.00027183295721859986
0.0003411335692499354
-0.000980591311793078
0.0004603075898238433
0.0009218665396436518
0.0009887071110708488
0.00027941221610777636
0.0005275832940008824
0.0008789865225251148
-0.0005439887579042173
-0.000847762856370212
0.0003572160849191578
0.0009333175747353622
-0.000624337021641056
-0.0007777884472689038
0.0004090346262342155
0.0009049764007966804
-0.0007408368887608818
-0.0006604548381234375
-0.0003607496111821118
0.0009154406982749651
-0.0007062110772937919
0.0006759989029549413
-0.0006290073322387741
0.0007387192726574225
0.0008204260427805567
0.0005116618035284028
0.00012075705399042636
0.0009574142491793541
0.000734666739883091
-0.0006083679902061876
0.0007417797923618838
0.0005809617624231701
0.0009275075778671496
-0.0001613934230930294
0.00025446182132149344
0.0009049333639749071
-0.0007332941411787208
0.0005802013429817321
0.0007567350077845698
-0.0005490454707175998
0.0005596474320435824
-0.0007486741146005817
-0.0006769075883038877
-0.0006349191434811826
0.0007234840462000822
-0.0005811741812898464
0.00016197010313787497
0.0009123822492263545
-0.0009115253459648208
0.00012508936389562242
-2.2594952087318057e-05
0.0009145741966666796
0.0006684311684759189
0.0006182079912381916
-0.0004167715063914166
-0.0008042504810992197
0.0008278077763219435
-0.0003591457490713006
0.0006489094310694976
-0.0006149703977783723
0.0008118477478019909
-0.00034982549201035363
0.00022806169491677923
-0.0008514090084967842
-0.0003833526985457992
-0.0007877252415494263
-0.0006303141774929626
-0.0006068100590061513
-0.0003256477066951555
-0.0008102181723118238
-0.0008669952717246707
1.222834160020031e-06
-0.0002134018185139458
-0.0008333836727594247
-0.0005916992306264605
0.0006173762458937488
0.0008486895253166077
2.026036421520261e-05
0.00015104951743694125
-0.000831068349516492
0.0007732763157257394
0.0003244123201693283
-0.0005294238182405661
0.0006493490718510251
0.0005615322373031648
-0.0006181951552001474
0.00034160753180252325
0.0007595367000709012
-0.0004302716032121328
0.0007082850351815786
0.000721046810715747
-0.0004021279863199677
-0.000705167096069768
0.00042086817551195314
0.0008140223881534589
-0.00010388456765727794
0.0005473163423528085
0.0006017939819875634
0.0007828413681701631
-0.00022068436415168013
-0.0007403955211313844
-0.00033262475801302974
-0.00017459831075953742
-0.0007823711011177016
-0.0006919086555632609
-0.0003850520716626726
0.0006680100594297052
-0.0004023995101059398
-0.0007688108762103926
8.05490098776066e-05
0.0007669785717739697
6.82814375130403e-05
0.0005508036259821462
-0.0005351044445414138
-0.00013756569016627176
0.0007545461856297659
-0.0007145471562424008
-0.0002617472832551253
0.0004045463503816733
-0.0006437979907883283
-0.0006050923839975707
-0.000449074842400957
-0.0006227605634589048
0.00042322658533324614
0.00042192142318339416
-0.0006196116207931956
0.00010549861515675454
-0.0007360025551082276
0.000728293465196565
0.00014891707849903937
-0.0007134478251265786
0.0001996055368562364
0.0002857534542763213
-0.0006812780311318888
-0.0007335752366478987
-4.586910918850831e-05
0.00041520612176183124
0.0006060499357309763
-0.0005529585143857192
0.0004818188097094358
-0.0005878813809181157
0.0004357752514101026
-0.0006859008972691696
0.00023003755259855092
0.00063882528650157
0.0003324989414252091
0.0007124891948529428
0.00010410390147511673
-0.0006512809498391748
0.00030229672133899246
0.0006668192087984855
0.0002619368067439461
-5.219700504349417e-05
0.0007136180116555128
0.0007122341477204946
4.6037685568690894e-05
-0.0006407017965948846
0.00031254488125917435
-0.0006333977334131382
0.00031770652114891017
-0.0005452838093796345
0.0004442068397898253
8.17234835128719e-05
-0.0006975221797016573
-0.0006981259499266718
-6.61687565402182e-05
0.0006800407429728011
0.0001653464885384044
0.00065079291209874
-0.00025420200520467743
-0.000671154320027431
0.00018917399088678926
-0.0006939265253347203
1.0246095097235398e-05
-3.2851667903491494e-05
0.000685681205081526
-0.0004208826602973406
-0.0005422666271560216
-0.0006172188147406475
-0.0002859342986425044
-0.0005477757061945613
0.00039250481442735917
-0.0001269894866935908
0.0006612327886114917
-0.0001699295153187938
0.0006475610177001508
0.0004450614904165103
0.0004986202179641934
0.0005619374895097016
-0.00034924763998139553
-0.0004915525157646175
-0.0004422862301192947
-0.0006438274259305628
-0.00013605049421827842
0.0006466959714238459
4.117438487915931e-05
0.00015202487519248866
0.0006279419786816569
-0.0003895227701237027
0.0005090534704269903
0.00047516689205363925
0.0004295169778798852
-0.0006232184923278364
0.00014337992296067158
-0.0006273353985723239
0.0001194449496898702
-6.582738126458176e-05
0.0006348997712750423
0.000499150294463777
0.00039748904110069273
-0.00011918169560729744
0.0006255775609017775
0.0003014053645365092
0.0005573504843805877
0.0006137177096388632
0.00015698889464684364
8.43254994767987e-05
-0.0006241647938440749
0.0006219515678854646
8.348913093506882e-05
-0.00019319458141650798
-0.0005955909537018021
-0.0004505678168747687
-0.00043168091286356907
1.3116610579844312e-05
0.0006236499795051995
0.000617873919670146
7.095060404055674e-05
0.0005772931609834691
-0.00021871833262919314
-0.0003800775507569393
-0.00048493956137961634
0.0006130431971918339
-5.195594882536764e-07
-0.00041258195226353997
0.0004488590338461832
0.0004728687968021224
-0.00038241970659486535
-0.00011580372705896235
0.0005952442682456912
-4.776804422773551e-05
-0.0006038702906733172
-0.0005690401253158313
-0.00020662140150067126
-8.082617141583159e-05
-0.0005992124564774836
-0.0005542976645651694
0.00024024011290394936
4.061439421441454e-05
-0.0006008541179026517
-0.0005761617889500871
0.00016968268048033752
-0.0004976900203479118
0.0003353195253201495
-0.0001726879508085079
0.0005713479795056755
-0.00020958091917016585
0.0005552032501758017
-0.0002503046320622657
-0.0005367661799478013
-0.0005430556292103771
0.0002205214775382948
0.00045532248574338207
0.0003683872562389121
0.0005843108296630455
8.102161815141506e-06
0.0002654618737080302
-0.0005156711018041266
-0.0005552846942353775
0.0001589483007311311
-0.00044539548815052474
-0.000357746866587292
0.00039807698102908054
0.0004047230149794997
-0.0005564075108259618
0.00010679966785619666
0.00047631873209121555
0.00030448641230818285
6.513433376556514e-05
-0.0005593064848791465
-0.0004984807931380119
0.00025870994779036093
-8.946977134036149e-05
0.0005542357165857983
-0.0004666114651404162
0.00031012030934652257
-0.00048664879491333736
-0.0002660470554748207
-0.0005173292969568995
0.00018547595415068839
-0.00021628896613526521
-0.000502148026692212
0.00013906481742758325
0.0005272206684233818
0.0005368466139259536
-7.800172988226689e-05
0.00021253264950732564
-0.0004990769796445738
0.00027458639915985583
0.00046530257656061334
-9.53921804741722e-05
-0.0005287393163700016
-8.92462195644633e-05
-0.0005288699761867901
-0.0004958686841877715
-0.00020077347971577707
0.0002208359575516829
-0.0004868274108879307
0.0004043612739197824
0.00034862239233344203
0.00016672012182428108
0.0005051970046801876
0.00040130475380473825
0.0003420044869753516
2.3734512136962287e-05
-0.0005254277173131517
-0.00023140563422059175
0.00046597127598512654
0.00034263117425923484
0.00037688058095638593
-0.0005055590505882979
5.123208245130334e-05
-0.0004078172499733199
-0.00030248949648305874
0.00047677195284778637
0.0001733779141780045
0.00046262149104194184
-0.00020042154337441266
-0.00023280477673339576
0.0004466241666927339
0.0004659072993038275
0.0001793956931870821
-0.00048390207564956504
-0.00010729102250014571
8.142100613158418e-05
0.00048639888540561485
-0.0003484772185932048
0.0003458513212189259
0.00020660567486707821
-0.00044382393399227505
-0.0004579719401908907
0.00015748209408454616
0.00016973226079111735
-0.00045121010452883883
0.00044911211644340125
-0.00017484826904807198
5.524498227778563e-07
-0.0004810245666211986
-0.00012306955403889683
0.0004629139564372924
8.743885790892004e-05
0.00046599574487230476
1.4188572520718035e-07
-0.0004740210267409978
0.00012893147967134723
0.0004555440614005145
0.00027714701208444943
-0.0003817059890453142
-0.00033964049858541004
-0.00032671418596118723
-0.00025193377075850046
0.00039292447277937447
-0.00046538303253337165
3.443553076185181e-05
-0.0003765734708762265
-0.0002756019294167574
5.1184345534795285e-05
-0.0004626605039581974
-0.00036273713259818804
-0.0002901756527709971
-0.0003026169250833054
-0.0003521055263647186
-0.00039054441539142064
-0.0002495987054693229
0.00040852927054207407
-0.0002121642025294282
-0.00023405423966136018
0.00039100313655436814
0.0003775433462230559
-0.00025313031584465285
-0.000137227817314315
-0.00043053961082685635
-0.0004008772029909797
0.00020715666395641625
-0.0001634251132275888
0.00041938266833635164
0.00036468905200525396
-0.0002598226743599213
-0.0004193913614126783
0.00015674818095392763
-0.0004438856627010368
4.424455550050872e-05
0.0004410045668006087
6.460847374730167e-05
0.0004407098244368775
5.241374005381949e-05
-0.0003955161625273562
0.00019758330407533558
-0.0002492157597589987
-0.0003642216259502328
-0.0004069676182233597
-0.0001697670180272957
3.215689532785543e-05
-0.00043936165666162095
-0.00032627713358220273
-0.00029519153151752795
-0.0002677246915257071
0.000347161916325733
-0.00022562998817281398
0.000374411873903482
5.519427080009198e-05
-0.00042745728010952434
0.00028351747161844287
0.0003242816499793593
0.00027429291596157225
-0.00032959112438453274
0.000419937071384997
7.332269067177891e-05
0.00022004242407989971
-0.00036499322825235536
0.00041751633009393053
-7.854981688784771e-05
-0.0002856193260327759
0.0003130260227008592
0.0003893970426649142
-0.00016260585002087955
-0.0003864284672338993
-0.00016559726126608865
8.691967144105206e-05
-0.00041077986179759125
0.00028778537105074946
-0.0003046044813488831
5.949068070839265e-05
0.00041320468933062895
-0.0004150973516677282
-2.0947803244264472e-05
0.0003919278529941679
-0.00013740164814781867
0.0003799356277686589
0.00014974853120565556
-0.00021932705914034194
-0.0003444778768512293
-0.00010702823082708235
-0.0003936897549828667
0.0002911343330119927
-0.00028565980577346093
2.6687281326611773e-05
-0.00040648043289736923
0.0003956064994831958
9.358524702287566e-05
0.0003742536625949461
-0.00015583455094553934
-0.0003819729039227139
0.00013507133801487467
-0.00035519171042589225
0.00019104726853783277
-0.0003632786140452829
-0.00017275220165290239
-0.00018401900837250118
0.00035531092223246304
-0.0003193099173340504
0.00024020366720730045
0.00022195946951142045
-0.0003320699528784605
7.732804506979496e-05
0.0003910784018723169
0.00037086315601746753
-0.00014419528076634635
-0.0002798789058925554
-0.0002815772115696478
-0.00039309443606281414
2.3829683785270005e-05
0.00032574774454887534
0.000215509746375579
0.00016268183090265888
0.0003540852664019701
-0.00012318411259579356
0.0003666872644095759
0.00019844737643842292
0.00033146661968479565
-0.00024899426780998414
-0.0002950554509887857
0.0001278073764184921
-0.00036182739107558235
0.00030189444465866637
-0.0002359024981300106
-0.00028186031360362575
0.00025869606777853576
1.468990767988565e-06
0.00038032909185564033
-0.00037958836301833977
-1.9178536017940955e-05
-0.0002967451463041686
-0.00023685053850019039
-0.0002801382015284453
0.00024802157818455515
0.00020843051374360103
-0.00030909453255903896
0.00010260780497011667
0.0003570795024914736
-0.000340092602074461
-0.00014919718556206309
0.0001062799675134075
0.0003540805363573405
-0.0003684782165519638
1.1120504280611343e-05
-0.0002004637286625643
-0.00030580070546678986
0.0002515421368788219
-0.0002645440026547631
-0.0003108651998300953
0.00018871659932532552
-0.0003037860823337022
0.00019381624196295223
-0.0002756106723897602
-0.00022956428763285764
-0.00034710826876962255
6.583565300348646e-05
0.0003278005789009605
-0.00012835337500991865
-0.00012939087876601946
-0.0003243514156195313
0.000304373044103457
-0.00016862635895890037
0.0003031902025756221
0.00016907013761366098
-0.00017710625069253483
-0.0002982873461763812
-3.5618746214341576e-05
-0.0003441408415017391
7.2967200724268766e-06
-0.00034313150563123983
1.9957634823101596e-05
0.0003418776355018449
-0.0003366865431490363
-5.375154609342506e-05
-0.0003348219446052303
-6.0197409325395606e-05
0.000337634081782762
-1.4133606520696604e-05
-0.00033398397481239036
-9.299051143480119e-06
1.5892667992181212e-05
0.0003275308509538412
-0.00022453544055277868
0.00023617651963975004
0.00027051735623084583
-0.00018121331899818662
0.0001354466531632255
-0.00029337781703626264
-0.0002965531259115511
0.0001268969010604783
4.737648261902988e-05
-0.0003188928693814776
-0.00029391524402697756
-0.00013179927571009003
0.00019590277342601453
-0.0002541060215959958
7.221896808570495e-05
0.00031252504610780884
0.00014773812445099577
-0.00028160897878109977
0.0002372245442234186
-0.00020763746786134352
0.00021513723050125584
0.00023029500685842191
-0.00018156053840455238
-0.0002529374713735177
0.000294515836311839
9.689814553781526e-05
0.00028028144122233423
0.00012720540770672932
0.00028239944523379955
0.0001217546784893313
-0.00027181893960485313
0.00014100033772705478
0.00012595156482167553
-0.00027406501047556474
-0.00022539907385500663
0.00020021463363913665
-4.3835725891251495e-05
-0.0002972116148746646
-0.0002944725030881706
5.5133424522495284e-05
0.00013617314912977565
-0.0002653805280620949
-0.00029096124003323565
6.330802029297249e-05
0.00012091613406449958
-0.00026599000299291643
0.00025224643781679695
0.00014694217625356998
-3.872362760474199e-05
-0.0002876453465355304
-3.615628884604938e-05
0.0002877990804717415
-2.6700583316271274e-05
-0.00028550354156452575
0.00022244039766648583
0.000174622680882717
-4.9224033036406545e-05
-0.00027806037078549693
0.00026590812785220514
9.26552479423078e-05
-1.3216597015141663e-05
0.00028114306288537706
-0.00027212701981616443
5.765860109855496e-05
-0.0002458934316442633
-0.00012901367415416232
3.965264938761745e-05
-0.0002738961059608848
0.00019615460413276986
-0.00019301657595136167
0.00013659652317315747
0.00023461320390048035
-4.6796623902117554e-05
0.000266844359392737
0.00011222150501583177
-0.000244204856481811
-0.00026007775626749036
-5.209830316948952e-05
-0.0001668252665707891
-0.00020516635679417272
-0.0002629975275963026
-2.4118324389249933e-05
0.0002014901986499634
-0.00016829884550662028
0.00025949370202732903
-3.871318259771478e-05
-0.0002269913157458258
0.00012919119070909702
-0.00013844836614024093
-0.00022087608624553117
0.00014352506765340773
0.00021543402234505912
-9.512078140041087e-05
-0.00024041792127835234
-4.778040896732794e-05
-0.00025328601947164974
-0.00019978378651701038
-0.00015832199192834922
1.0248264740021937e-05
0.00025383238940429825
-0.0002509524964192472
-3.928199406200938e-05
-0.0002089960158001929
-0.00014390739979882678
-0.00012626782318460702
-0.00021842788175269187
-1.4117793200137785e-05
0.0002517847494190969
2.9706923559111197e-05
-0.00024947675747956014
0.00010473547406668618
0.00022695676548519422
-5.37144238440494e-05
-0.0002420318486150018
0.00013655399719205403
0.0002050119103830892
-0.00019301251528458627
0.0001522214439110593
0.00015455992842594398
-0.00019099703423265581
0.00024283069657464557
-1.701048475949299e-05
-0.00023232825375999082
-7.17045146473807e-05
0.00012092519428823708
-0.00020703800690753492
-2.2049137634159583e-06
0.00023857918914252087
-0.00023222604906566785
-5.410354046718277e-05
0.00010262750544918604
-0.00021509672590303214
7.381525686633644e-05
0.00022554209729696122
0.00022300482063849282
-7.487718188041737e-05
0.00023372235794437608
2.1531262205710694e-05
-0.0001272895490714948
-0.0001945329655101202
6.67866475063637e-05
0.00022182989505002083
1.485752973527998e-05
0.0002306222965242142
6.217540159216377e-06
-0.0002284402177722401
0.00016327356738911707
0.00015943113712414735
0.00021711781428158475
-7.024067073595505e-05
0.0001297779825323795
-0.00018687020436846974
-0.00018617293434660564
-0.00012415992344888137
0.0001539537127485704
0.00015973081921155562
-0.00021834174898399694
1.7180950425531304e-05
-0.00021409318093392808
-3.445744805088835e-05
0.00017925949656425754
0.00011964471704913348
-0.00011368549790784928
-0.00018302283601605383
-3.239172404433435e-05
0.000210691559781641
-0.00019503956442886184
8.368722653366612e-05
-7.854248921146411e-05
0.0001968122209858164
0.00019699990665906567
7.641394175706768e-05
-0.00012290154391084298
0.00016962611965413432
0.00019689956368125282
-6.896103551266478e-05
-0.00019283734733252788
7.786450505708478e-05
-3.075485359089007e-05
0.00020171089005751347
7.381134651272695e-05
-0.0001896034501673754
0.00020122643078041453
2.535994750114237e-05
-8.977264547568697e-06
0.00019935993397880437
-0.00014518721680599313
0.0001351432407324059
-0.00019812339735943418
5.627662475846791e-06
4.02398643402129e-05
-0.00019395803896938397
-0.00018730716562589627
-6.142811007076837e-05
-8.858110898276614e-05
-0.00017215002178962773
-0.00019075383717614454
3.1500603631436834e-05
-3.253924260450426e-05
-0.00018935467316108132
-0.0001792456207071474
-6.868106145830053e-05
6.358662575831284e-05
0.00017830516064505089
2.8188256381412352e-05
0.00018640015157697577
0.00018203449546434137
-4.660492728249199e-05
-8.354908088966848e-05
0.00016761864679891742
0.00010877651036841119
-0.00015066743873509052
-0.00012818113071162165
-0.00013120561000654228
0.000109200903319728
-0.00014725480903103965
7.834913681648089e-05
-0.0001656939835976574
6.954401313930903e-05
-0.00016864063259882918
-7.942853061763844e-05
-0.00016337689686457985
-6.642699233026125e-05
-0.00016900344312055276
-8.218465312927023e-05
0.00016064892792339798
-9.415794751330542e-05
-0.0001527713849371672
-6.81988479098902e-05
-0.0001649586361448963
-0.0001561789933006341
8.563603071795278e-05
-0.00016655442636947636
-6.293074565235801e-05
6.177258705783102e-05
0.00016687217376587052
-0.0001731684272728718
-2.888394808460154e-05
7.160805170677052e-05
-0.00015978185702738423
9.820783336526032e-05
0.00014422391147644675
-0.00010552820244889322
-0.0001388022234057345
-0.00014940144526774177
8.72282346193358e-05
-2.42493537598355e-05
-0.00017017558015541834
0.00016910626112253758
2.724178351904155e-05
0.0001594741766879591
6.11571995684274e-05
0.0001020752441364112
0.00013493355590105168
-0.00011445745458645235
0.00012353487762406572
-0.00016288165634945162
4.076218021305264e-05
0.00011598998383847808
-0.00012112929734084532
-2.2115854030159144e-05
-0.00016601627314009543
-0.00011681192981509038
0.0001161079750232745
-5.536881929323832e-05
0.00015247152434614484
0.00011417906565849378
-0.0001139089567360403
-0.00012929808130833514
9.358012361138124e-05
-0.00015371232790397954
-4.248264616697089e-05
-4.874164029386636e-05
-0.00015012878790335158
-0.00013050305050598787
-8.714900507921617e-05
-0.00010677875291513055
0.0001083689603666092
0.0001299067509306233
7.740686154946308e-05
0.00011745711675267541
9.504917211483652e-05
5.757829826657096e-05
-0.0001382569099465865
9.38373777963377e-05
-0.00011336961121685967
-0.0001468996075530822
7.769892505801706e-06
4.377370442986139e-05
-0.00013892914451141578
0.00014198723582565628
-2.5771214193295615e-05
2.3464766479462495e-05
0.00014024106302097376
0.00011095040726058759
8.745064198457509e-05
-0.00011430200590266812
-8.266152198817534e-05
-6.858347135128423e-05
-0.00012269929186484716
0.00010453034123475465
9.204453839766995e-05
-8.752099133393557e-05
-0.00010699839691644975
-3.4654553383821064e-05
0.00013209368871792138
-6.987968013495205e-05
-0.00011549997113636649
-0.00011782179258074388
-6.0247253117287744e-05
0.00012942779293029867
1.971641012818076e-05
-7.632669511875328e-06
-0.00012996520970420277
6.367133322214077e-05
-0.00011279782482752196
0.00012694530158819647
-2.455309692023014e-05
7.954561224530504e-05
0.00010082697382517028
-0.00012572490549641
-1.5485964773906735e-05
-3.194801521617785e-05
0.00012243992274951868
-0.00011677438343017324
4.719486978444218e-05
4.271884900443074e-05
0.00011847255719085254
0.00012489725527693854
-8.6463335494838e-06
8.470761960832197e-05
9.079940294172088e-05
8.96047714091036e-05
8.436238490916501e-05
-9.657211003036971e-05
-7.614447436171679e-05
0.00011964054653546868
-2.476606416244159e-05
-0.0001155519618441973
3.848957487472837e-05
-3.6924432751623586e-05
-0.00011532903121975998
1.7142431562993007e-05
-0.00011975240906938259
0.00010501454796234138
5.9160037328684024e-05
-9.825373845295246e-05
-6.971160663053211e-05
-7.867684221255572e-05
9.108794041748807e-05
-1.6353392117969934e-05
-0.00011917618981973918
0.00011992395282000326
5.7756126851056246e-06
8.086025396409667e-05
8.692634817228404e-05
0.00011207874227870014
-3.400893502435509e-05
9.920031361580422e-05
-6.006113820209594e-05
-0.0001092706508167099
-3.669726730695656e-05
1.2025493762912675e-05
-0.00011434587291767788
-8.202272942964307e-05
-8.022773350719586e-05
-0.0001145158652999294
-7.057808483925677e-07
0.00011076076067705809
-2.665362583691505e-05
4.954742511198927e-05
0.00010159696615594616
-3.769059829843747e-05
0.00010627942023058667
-4.9212679521975055e-05
0.00010066617566869379
-2.7661120942141347e-05
0.00010839165459784811
-9.596876233228546e-05
-5.701718716145996e-05
-3.222783177142169e-05
-0.00010684896028574298
-9.675751202446685e-05
5.3464004395363476e-05
-3.4032480578609055e-05
0.00010497163651687924
-0.0001003588046372644
-4.179990811469991e-05
3.6873546806158394e-05
0.00010225770883058133
4.343904073390714e-05
-9.90624474137869e-05
-5.8490310825857874e-05
9.019333793161216e-05
9.637275956797565e-05
4.566008298447323e-05
-5.998341162281029e-05
-8.791688023900682e-05
0.00010258999949187
2.5424547613298375e-05
-0.00010297013610573555
2.299511620838615e-05
9.687109977354708e-05
-3.8864630297554356e-05
-4.7052597754880034e-05
9.285859027319355e-05
5.567905991993913e-05
-8.745342231822187e-05
-1.1513846929646355e-07
-0.00010347141859847037
-4.483707820304056e-05
-9.300287897010928e-05
8.667769662597297e-05
-5.13607316112043e-05
-6.383906958250946e-05
7.614118973745387e-05
-3.818654175230135e-05
8.846728336855061e-05
8.874889495732091e-05
3.665296739143584e-05
-8.598224997699209e-05
4.186467295256557e-05
-2.5726111289799486e-05
-9.059683644845303e-05
-5.863936220489707e-05
-7.36822652520901e-05
-9.283993311696687e-05
1.4127190983983518e-05
8.709076327183848e-05
3.490743219349876e-05
-4.725078569029617e-05
-8.067616522337018e-05
-7.294073249824675e-05
-5.831260134832225e-05
-8.956380146625e-05
-2.5844421577980338e-05
-3.579416341600928e-05
8.596457860575878e-05
-2.2898605547253813e-05
-8.928384905786723e-05
-8.094047190655026e-05
-4.235507151534348e-05
8.817962195509532e-05
-1.620500947179529e-05
7.544920411963928e-05
-4.8347057992875364e-05
4.701120926167496e-05
-7.596958469013179e-05
-3.818914465313064e-05
8.044447349008844e-05
-8.753140161130058e-06
8.857102163289258e-05
-3.627156583218841e-05
8.024094685362941e-05
8.158529612077827e-05
2.812472140183167e-05
7.839678932078838e-05
3.509282941412245e-05
3.385512222682241e-06
8.559448510757273e-05
-8.504027124653645e-06
8.438221650886957e-05
7.827952618744058e-05
-3.196915220480712e-05
-6.506691917468915e-06
-8.362962464464041e-05
8.235359751673721e-05
1.487442164769691e-05
-8.158506438949875e-05
-1.839707329927419e-05
7.219312100226583e-06
-8.314490012264164e-05
-5.480050187958725e-05
-6.092037717654547e-05
-6.624416716009262e-05
-4.8045657504488306e-05
-2.8816334634851435e-05
-7.649280097355144e-05
5.593259239151491e-05
-5.9243051040553276e-05
-8.064663787245096e-05
2.583376252742603e-07
-7.603702782372232e-05
2.5069690355532333e-05
7.503762976175138e-05
-2.7797423833275464e-05
-2.7944007860011597e-05
-7.419190086071073e-05
-7.866658099329478e-05
-9.356352268701129e-06
7.85081095294231e-05
-3.983339863786819e-06
3.474753471393799e-05
7.012340941916129e-05
-3.63909196982522e-05
6.899793879135869e-05
-5.6776421035519607e-05
-5.3176575398630524e-05
-7.444733162591073e-05
-2.2423617487001542e-05
4.99051154810117e-05
-5.951820049566076e-05
2.881428927526186e-05
-7.211804078088608e-05
-1.1733998381039861e-05
7.655132819677047e-05
-7.669277698469534e-05
-9.940405918916928e-06
-7.600297782339663e-05
-1.2716700766495503e-05
-5.3134581599123655e-05
-5.511385770032688e-05
-5.9701242447555606e-05
-4.652722765183892e-05
7.083750853543335e-05
-2.465445623391993e-05
-2.3299552761493843e-05
-7.0597591721658e-05
-7.102352446658244e-05
2.0304072778226158e-05
-3.345458499200765e-05
-6.397572386001846e-05
6.887330030442521e-05
-1.3597471469200234e-05
2.04550848630111e-05
-6.631857645156522e-05
-2.9280756649677275e-05
6.218792689581357e-05
2.6972536081168347e-05
-6.320119719569023e-05
-6.851520457803231e-05
-2.7789892376781645e-06
-6.447286716490901e-05
-2.2527021490124177e-05
-5.6055507560653105e-05
-3.8608439759207355e-05
4.003813865916166e-05
-5.486394960408569e-05
4.621979783194763e-05
4.936579162803151e-05
6.183773087788047e-05
2.6180233408143677e-05
-5.482804797751841e-05
3.864631252847356e-05
1.0663424964612124e-05
-6.574683593884593e-05
7.836049219720421e-06
-6.60895767196836e-05
-6.394318320747361e-05
1.7658905488838945e-05
4.48359654967789e-05
-4.8812322214183116e-05
5.850666214507918e-05
-2.9415526647025078e-05
-6.330209912568995e-05
1.5976455202694305e-05
-4.519706224548456e-05
-4.494147920765096e-05
-6.232696758031924e-05
-4.0678464248216915e-06
5.1823462608911466e-05
3.434706793617845e-05
-4.5994582021607586e-05
4.1713278415577646e-05
-5.108649973316015e-05
3.475084390097835e-05
2.7353785984564895e-06
-6.145666925331522e-05
5.256095793800475e-05
3.1709520039172075e-05
-6.134980665496704e-05
2.039472292373827e-06
5.243542073939116e-05
-3.160912468891423e-05
-3.9918863140727775e-05
4.554509635095738e-05
-5.857605498523084e-05
-1.4847608021417255e-05
3.1201369057539434e-05
5.171395666628964e-05
1.3990957343611165e-06
6.020077865690271e-05
-4.3358614203175496e-05
4.172753697149806e-05
5.1909563723043615e-05
3.0424415859444247e-05
-5.474418123023045e-05
2.4674882088264903e-05
-1.6605603719489915e-05
5.732373074448474e-05
5.901594875608734e-06
-5.9307223511715246e-05
5.702204042310896e-05
1.685860578146603e-05
2.9570710024560715e-05
5.079754376326473e-05
-5.653271450893449e-06
-5.8385001649517915e-05
-5.6230927018198263e-05
-1.0396294382458592e-05
5.663105993976447e-05
6.7967943357959765e-06
3.7605714397801695e-05
4.170627576753022e-05
1.0211265805191272e-05
-5.39246045652943e-05
2.4023412655275995e-05
4.933491101470802e-05
-2.0892890742628737e-05
4.9125337433781723e-05
-3.721405529872579e-05
-3.811972050458355e-05
-2.8322398395373116e-05
4.506412821021644e-05
-6.801487642700874e-06
5.239952179946702e-05
3.839752714347661e-05
-3.558887944380804e-05
2.503999781806002e-06
-5.2195304277447786e-05
3.8122844389299304e-05
3.5518059861406604e-05
4.01568323245558e-05
3.30769828022694e-05
-4.6713707980823664e-05
-2.2436919906258152e-05
-5.107267514567476e-05
-7.581340511363527e-06
5.081541483880628e-05
8.824714129296807e-06
4.0634287347667475e-05
3.1364242790457145e-05
-4.3326756194157156e-05
-2.6143446622700293e-05
-4.320379265511115e-05
-2.4842602651490686e-05
-3.149269745085548e-05
-3.783419515062977e-05
-4.864327516296669e-05
-3.137148540749764e-06
-3.5922256530523053e-05
-3.2378208416813925e-05
4.727002326008121e-05
-8.659779999436859e-06
-3.485862794838729e-06
4.7743909157325514e-05
-3.968056941940612e-05
-2.660075848622509e-05
4.693125925256989e-05
8.483257481933293e-06
-4.669976459323505e-05
-7.831053651666856e-06
-2.0002919802630026e-05
-4.26760338420614e-05
2.434877662443053e-05
-3.987171546630036e-05
9.047538951185429e-07
4.6544088118299604e-05
-3.3350158213657776e-05
-3.213574430781785e-05
2.8291055654502102e-05
3.653875573532706e-05
-2.5728989281615074e-05
3.8118185448031114e-05
-4.5037986026562696e-05
-6.745435735332428e-06
-3.162749983797216e-05
-3.275612250067389e-05
-4.5314126043340255e-05
6.033118959418021e-07
1.1570575842663965e-05
4.377688865802942e-05
1.3229987351311423e-05
-4.2892980844267015e-05
-4.3446572277640136e-05
9.40659340023775e-06
-4.2365367484773153e-05
-1.3369250797954035e-05
8.713594921716528e-06
4.3423468050285853e-05
4.189271578948084e-05
-1.2277742305687844e-05
-4.1798986760255675e-05
1.1825838252995047e-05
3.0130419179294792e-05
3.0958069795301196e-05
-3.3641011399363155e-05
2.6857099906944433e-05
4.277478579984445e-05
-4.0916006110131575e-06
3.0292357007916577e-05
3.0268419667345616e-05
3.9758118537971635e-05
-1.4489677966222026e-05
3.9928583404553076e-05
1.228239342418258e-05
-5.515415332069978e-06
-4.1289623129243704e-05
-3.246727977253179e-05
2.582960743770092e-05
3.566041705948775e-05
2.0662004189986316e-05
3.506632114738703e-05
-2.1367937417845775e-05
-5.358243150187153e-06
4.005284311247614e-05
1.873446237746096e-05
3.543986671542884e-05
-2.7219053024068878e-05
-2.939611061825417e-05
3.982914804549395e-05
2.826730674907879e-06
3.9075459163514015e-05
7.916059936149578e-06
-2.9603236611495694e-05
-2.6693557048351704e-05
-3.715606183283829e-05
-1.2569900708542935e-05
-7.74458744662368e-06
3.808457397075193e-05
-3.825352051128467e-05
5.679408830453647e-06
-3.1297515817491254e-05
2.235750062983105e-05
-3.764819346215392e-05
-6.148892450838606e-06
2.950203168252305e-05
2.3838652000548923e-05
-1.3305039251761186e-05
-3.484608340820239e-05
-3.371696966776449e-05
1.5645877907120213e-05
1.968907721106422e-05
3.097901775833506e-05
1.2114215211308065e-05
-3.417461860226452e-05
1.2051327197291073e-05
3.378885562231493e-05
2.3498293332654242e-05
-2.6692893786448957e-05
-2.300961624833686e-05
-2.6395613995870094e-05
-9.213556286848557e-06
3.359604067622213e-05
3.0098936790721427e-05
-1.7237248490197228e-05
-1.2635220164557523e-05
-3.185589170138249e-05
1.1571696003839922e-06
3.3952113609235974e-05
3.3641961187171887e-05
2.692598612937025e-06
-1.18808136683205e-05
-3.1535177441393666e-05
3.171678130231351e-05
1.0297918056062005e-05
9.770600299603943e-06
3.18725147556643e-05
3.157598274969836e-05
1.0495650911371112e-05
-3.301193813717484e-05
-3.864582414039325e-06
2.1920761464326867e-06
3.2810499447869515e-05
3.9759851305361665e-06
3.256112180834087e-05
-2.926079996984828e-06
3.203231440273358e-05
1.3580295602925008e-05
2.8586754865951414e-05
2.2509785549847533e-05
-2.1485413715509573e-05
1.1457678605651112e-05
-2.885221746365124e-05
6.577879993902192e-06
2.9924702518173585e-05
-2.9614843224732055e-05
-3.2542683275170182e-06
2.6684055446638238e-05
1.2428286417085599e-05
2.895375385372756e-05
-3.947843313068689e-06
-1.8941365901285063e-06
2.9130409678596772e-05
-2.847073560718144e-05
4.223562849619583e-06
2.052321878340784e-05
1.9993797629541565e-05
2.4958978403404773e-05
-1.2391988480519588e-05
1.752012613917098e-05
-2.1466816206598295e-05
2.5652343126877115e-05
1.0269558189157979e-05
2.6625640686762388e-05
-6.804950159137929e-06
2.4870364754830344e-05
1.16780139840169e-05
2.6160550533688902e-05
8.306378989651864e-06
-1.805093015478837e-05
2.0654566054610024e-05
1.4774419652998638e-05
-2.3103309988840443e-05
5.514482723062597e-06
-2.6687961748445176e-05
-8.025733848346316e-06
2.578638829451166e-05
-2.5099937188622922e-05
9.926728012882198e-06
-2.6821346034420267e-05
2.499092286457949e-06
2.64864346876581e-06
2.6719325207942735e-05
-2.18728749903207e-05
-1.5515430526415797e-05
-5.778952775039758e-06
2.6063502352682162e-05
9.314527319975508e-06
2.4815401347609568e-05
-1.0578552982957262e-05
-2.4190288966630115e-05
2.5532043129711627e-05
-6.570048541068463e-06
2.384763572803661e-05
1.1214389027428162e-05
8.246701454505053e-06
2.4587261022269104e-05
1.2441367627920253e-05
2.2290092240911607e-05
1.7779128088036485e-05
1.8073636267989005e-05
1.4669264114357456e-05
2.0595086717382036e-05
2.0969678901810785e-05
1.3726054152359946e-05
1.3609640039998705e-05
-2.0816092002069498e-05
-5.963671657477354e-06
2.4123809897809295e-05
2.4838302936337597e-05
-2.864499154986988e-07
-2.0898663588782508e-05
1.3257717294675591e-05
-1.1111438300095019e-05
-2.1628051971749357e-05
1.3232811321538931e-05
2.001586410467948e-05
1.9407731719583588e-05
1.379417070326839e-05
-4.687087765461509e-06
2.3241191550145262e-05
-7.26736402573952e-07
2.3405092151531913e-05
1.808779178738757e-05
1.4388952862751183e-05
-2.0792315327628236e-05
9.286208825893927e-06
-1.0830956251134005e-05
1.9692719327659687e-05
9.521818197144149e-06
2.0029710782265064e-05
-5.282205169207938e-06
-2.1334000888436012e-05
9.932168638338956e-06
1.9589643130551393e-05
1.714231837346638e-05
-1.3515640759054426e-05
-2.1494143050947157e-05
3.3952542667126662e-06
-2.5268145569573573e-06
2.1539858589022797e-05
1.7363638115641456e-05
-1.279537511414508e-05
-5.614923254635494e-06
2.0754265339461786e-05
1.5320742031093904e-05
-1.4995322133367073e-05
6.2107397196864426e-06
2.049296083669194e-05
1.916107238004973e-05
-8.721583843287903e-06
7.860560062358579e-06
1.9490289270725935e-05
-1.623880519019924e-05
-1.3225378005361687e-05
1.6487784057069205e-05
-1.2814976087871716e-05
1.1692869600589795e-05
-1.7239385813143883e-05
1.921291118610591e-05
-7.758194701863951e-06
6.55987644391412e-06
1.960793566737218e-05
4.283191066772274e-06
1.9854294161229968e-05
1.9278958508364585e-05
-5.831657314938066e-06
7.5301612790609205e-06
1.8499287193103507e-05
1.4911974233631996e-05
1.3184476117778017e-05
1.177113391756357e-05
-1.598653617440332e-05
1.745153215978068e-05
9.160235164029473e-06
-1.9553328131187248e-05
-1.578714294745983e-06
1.4420992897899444e-05
-1.2606054765315886e-05
1.8756752533480637e-05
-3.3980788526850604e-06
-7.048587033882781e-06
-1.7691071778473733e-05
1.6510767458481375e-05
9.376782912955794e-06
3.82026276792087e-06
1.849023455065496e-05
-8.38326780691931e-06
-1.6793408434023937e-05
1.6152233405887923e-06
1.867521103712133e-05
5.419574076015398e-06
1.792213847087537e-05
-7.824250689710008e-06
1.698367370649952e-05
6.632519732524066e-06
1.737517959991304e-05
1.5231779024274195e-05
-1.0218971461829873e-05
5.486282903602202e-06
1.7385558672378786e-05
-1.5017423162785481e-05
-1.011908741388612e-05
-1.605533112068673e-05
8.338725027708539e-06
5.033176471053363e-06
1.7227757956106864e-05
1.5633322628555213e-05
-8.359149323843296e-06
1.5631115603762735e-05
8.257739961060162e-06
1.3801127607864824e-05
1.0644346743115901e-05
1.5234305888393723e-05
8.174194993291647e-06
-1.7249049082176613e-05
-1.1647750602277185e-06
2.9039378113673854e-07
-1.7273522990990164e-05
1.4903703241656575e-06
-1.7043404787378813e-05
7.384592641262899e-06
1.5400866222886417e-05
1.5803092141150054e-05
-6.3206836290992105e-06
1.5378834371842675e-05
6.989032846120305e-06
-1.6808171444662482e-05
-1.174703384463004e-06
-1.3498995709208205e-05
-9.436166237781262e-06
-1.8104216867678158e-06
-1.6332943123596122e-05
7.481496912343677e-06
1.458983767918709e-05
8.875407078454568e-07
1.6283595778959312e-05
-1.5505030300794336e-05
4.868957017563874e-06
-7.958304217580425e-06
1.4038092991854323e-05
-1.600707067147804e-05
-7.521541584690483e-07
1.575828048159872e-05
-2.022657281403689e-06
1.568929123242907e-05
-1.7400536557786727e-06
-1.2724339346553572e-05
9.273718635396832e-06
-7.634001286506598e-06
1.352349381758211e-05
-4.191062734207341e-06
-1.4937230291674374e-05
-1.5113098249120437e-05
-3.118885336714061e-06
-1.0325737147436477e-05
1.1267146939582264e-05
1.523929171625854e-05
8.593583721019371e-07
1.0087629107130792e-05
1.1341299097602065e-05
-1.5096546057850852e-05
-4.4507933240178765e-08
1.1386979196291946e-05
-9.819232327266558e-06
-1.494125379398882e-05
6.295809802365354e-07
6.02668934641349e-06
1.366714575925243e-05
-4.894695265404508e-06
1.4053123920671178e-05
1.1058145456536301e-06
1.4828708989443829e-05
1.3858583353277832e-05
5.225526434013305e-06
1.3533989502395371e-05
5.924014141321932e-06
1.4433016734267584e-05
-3.1316815968099877e-06
-9.899676327786543e-06
1.0352440861369438e-05
9.190084022644338e-06
1.0872021837869495e-05
-1.395947536294595e-05
1.8234633240269415e-06
-4.375311369478996e-06
-1.337886058559512e-05
-1.0226396931687477e-05
-9.622850851855825e-06
1.3295161177070594e-05
4.516100514258999e-06
1.4000247676129236e-05
2.439100565288926e-07
-1.2979811541846159e-05
-5.097795466355526e-06
-1.7635948942977681e-06
-1.3741165803440643e-05
1.2498949980384314e-05
-5.857696511197143e-06
2.0389533145762638e-06
1.3481231801811932e-05
-1.358808306269029e-05
2.0739260704003698e-07
1.3242572631827064e-05
2.795559770977743e-06
-2.9187835694399755e-06
-1.312811199198949e-05
7.16522926021658e-06
-1.1056909192802194e-05
-8.839595776516256e-06
9.653671948644547e-06
4.825233255620301e-06
-1.2161460623852657e-05
1.1497927997744072e-05
-6.178113288050957e-06
1.0888122284367085e-05
7.021143195784396e-06
2.1694743393888685e-06
1.267621308263933e-05
-9.469098981747303e-06
8.652892603933537e-06
-1.1509858810045958e-06
-1.2682549788830766e-05
-6.776930657571012e-07
-1.2606456014398554e-05
4.1939175764198065e-06
1.1884264752742902e-05
1.0585956791588428e-05
-6.645503273551817e-06
-1.163034795581704e-05
-4.34782208830245e-06
-6.004890228955819e-06
1.0841309882081277e-05
-1.0047137690001387e-05
-7.220992694631515e-06
1.1741989216073375e-05
-3.6651514222792725e-06
-2.6428897892498136e-06
1.1989860523092145e-05
-2.1626442302559725e-06
1.202624113478648e-05
-5.2977145989724115e-06
1.0938211263368247e-05
1.1410421144668375e-05
3.922932174798841e-06
5.854791958405891e-06
-1.045418851809321e-05
1.1899708872334103e-05
-3.4413509012359496e-07
-7.5007082982599945e-06
-9.191903160453665e-06
-6.167300795168085e-06
-1.0134089524487861e-05
-1.1832510068421647e-05
-5.774224707226494e-07
-3.633146969391016e-06
-1.1266067251042067e-05
-1.8790580347474161e-06
1.1660981543988647e-05
-5.800397360171596e-06
-1.011209910682995e-05
-9.617682696914094e-06
6.281315197273391e-06
-2.047243073151746e-06
-1.1293935862166742e-05
1.1447580487779302e-05
3.0426129747496144e-07
8.776627177275523e-06
7.291661504427005e-06
4.859514091578355e-06
1.0300048702787586e-05
1.0217796630835219e-05
-4.828120363533917e-06
-1.1111599477584646e-05
1.4770400290464045e-06
9.980442223727515e-06
5.092328108778632e-06
-1.04320392683993e-05
3.687372353265689e-06
9.768083062087595e-06
5.191394562753304e-06
2.536097354038952e-06
1.0754784052561444e-05
-9.976123218826981e-06
4.69851264200688e-06
4.233828902011988e-06
-1.005802833155429e-05
-9.914611113717741e-06
4.4062841935060185e-06
-2.5153728625870037e-06
1.041386107319503e-05
4.927526165491962e-06
-9.503190403243565e-06
-7.257296535462736e-06
-7.77808570947578e-06
7.0497930998084306e-06
-7.959772956636232e-06
6.490336304585453e-06
-8.394939465118881e-06
-6.42570023653248e-06
8.373286677539068e-06
-1.0100500730895322e-05
2.9798580387710576e-06
-9.741977366451936e-06
-3.7953006089936382e-06
6.24803121061436e-06
8.356525850100201e-06
1.0000504037261423e-05
2.92993906731575e-06
8.002647006992894e-06
-6.5988199904488674e-06
-7.271996541725365e-06
-7.340679046032514e-06
9.760688416321315e-06
-3.3120552918111113e-06
8.563767620215573e-06
5.639596173758449e-06
6.1355492337172854e-06
8.121806652527486e-06
2.190963578492314e-06
9.923661136774563e-06
7.296695422228161e-06
6.884701490850145e-06
-4.263646341754718e-06
9.07610296717698e-06
-4.465628087051434e-06
8.978017159802738e-06
3.433766061117699e-06
9.416512755713646e-06
-7.799823887213425e-06
6.261409270795104e-06
7.993089856258233e-06
-5.998691597972117e-06
-9.029015470858214e-06
4.121427632502228e-06
-8.159118963822814e-06
5.591719392383829e-06
-9.260125379715544e-06
-3.393338079136998e-06
-9.792025460484854e-06
7.91086875812752e-07
6.5838093571926605e-06
-7.275827919241862e-06
-9.5535852687679e-06
-1.8849924437490117e-06
9.731035156137318e-06
2.4637471298210103e-07
8.483850237855251e-06
-4.713021412597405e-06
-3.7575697777034733e-06
-8.89808864489483e-06
-6.0555864748886095e-06
-7.522581766354175e-06
9.578498609902231e-06
2.74733909859326e-07
-6.950870412069799e-06
6.3915627017854715e-06
-8.29370857553143e-06
-4.513324313172802e-06
-9.4068483358626e-06
6.317043298295806e-07
-9.314723562773297e-06
1.4317724778431379e-06
4.0637228845025185e-06
8.501936416960899e-06
-9.198600811527229e-06
-1.9696805396344342e-06
6.320256766816329e-06
6.949928824749614e-06
3.429268328034585e-06
8.744269158336149e-06
-7.849541469685021e-06
5.1064877680907924e-06
5.531036577361856e-06
7.52684197444586e-06
7.543307189157841e-06
5.375579944307061e-06
7.014253099956382e-06
6.020027646233827e-06
5.9540570195708455e-06
-7.022073905017412e-06
-8.122550554494075e-06
4.191645796869637e-06
4.837301467612521e-06
-7.751583413348945e-06
-9.099681061137996e-06
-6.973270762421421e-07
-7.655463696634223e-06
4.9656480364193776e-06
-8.655473205603545e-06
-2.8683812090178083e-06
-9.097323441730114e-06
1.962443281025364e-07
5.13104053850734e-06
7.4960658082211185e-06
7.731627289316534e-06
4.668841346524344e-06
6.421648714608097e-06
-6.3484954171108835e-06
-5.368195233337513e-06
-7.250236619831638e-06
7.830598086614391e-06
-4.370403564131251e-06
-8.89670107482976e-06
-6.297180841385863e-07
5.611796968385319e-06
6.829623117043159e-06
7.134407571236033e-06
5.213396979470718e-06
4.338037862599786e-06
7.690092951032622e-06
8.711207460652959e-06
-9.16955954450141e-07
8.691607631614736e-06
9.381291435767991e-07
5.490882720827095e-06
-6.674907712670597e-06
-7.048605989523227e-06
-4.935048814381719e-06
-8.09037367146695e-06
-2.9018041788450784e-06
7.179436567135642e-07
-8.527265756328935e-06
-3.8178312600701254e-06
-7.655289651129362e-06
-8.47675929067182e-06
-6.858708735725805e-07
4.328646472705942e-06
7.074303039094648e-06
4.096219566659047e-06
-7.1613683583267865e-06
-5.386769589980574e-06
6.21361251516386e-06
-7.447023479231665e-06
-3.4474366919510503e-06
1.968255607409958e-06
-7.955669238597181e-06
1.641449679574719e-06
-7.950778282014116e-06
-6.27811585010829e-06
-5.1443795950198985e-06
7.685454209628685e-06
2.513479493055415e-06
1.0067698077740084e-06
8.018742535203405e-06
-5.536720755250566e-06
-5.8498783114351025e-06
-7.540824901415057e-06
-2.6897439780025868e-06
3.5588789311902235e-06
-7.152922526072469e-06
8.117319269890233e-07
7.881277721188074e-06
-1.8706515639852345e-06
-7.676299811141554e-06
-1.9375773607186765e-06
-7.632822297997811e-06
-7.799145364308202e-06
-1.0193349783155225e-06
2.2238069076228885e-06
-7.470582847242363e-06
-6.651091569189666e-06
-3.8439744047245036e-06
6.579312000862073e-06
3.927351273895056e-06
5.623861863841992e-06
5.153098704083054e-06
-5.340606618796481e-06
-5.437002448081226e-06
-9.142468786311753e-07
7.501324150417848e-06
4.099131108475033e-06
-6.343881833347947e-06
7.305510739333866e-06
1.8511362640577928e-06
4.6495300537422945e-06
-5.930048109448957e-06
7.313902755528359e-06
1.7938691585196314e-06
-3.8046567485832266e-06
6.389776671163201e-06
-3.59497878315429e-06
6.475045195079092e-06
7.253664279821347e-06
1.4483022553683865e-06
7.150372609439293e-06
-1.7656592177873742e-06
-5.360150941210461e-06
-5.042646313645448e-06
-7.108262397618976e-06
-1.780613731231423e-06
-5.608584387318538e-06
4.69715909485402e-06
2.6802682648152666e-07
-7.280185693598118e-06
-5.867229902700437e-06
4.28440746887474e-06
-7.188846815334111e-06
-1.0274604970876983e-06
1.9630032241118866e-06
6.950863809900218e-06
3.456758229153284e-06
6.261881010423832e-06
-6.7550852024305666e-06
1.8714653196141314e-06
-3.3336492502688486e-06
6.119752645335825e-06
5.317767897769728e-06
4.447806449857698e-06
-4.729602790150264e-06
5.025394077624451e-06
4.38225662627037e-06
-5.208007951622351e-06
4.6050724847090105e-06
-4.913089721631666e-06
-6.685958551900795e-06
-3.515234059430633e-07
-6.233045031375653e-06
2.2874817368403257e-06
6.416652864696247e-06
1.5770868876108095e-06
4.8232918007654755e-06
4.388069293881199e-06
3.070995568974055e-06
5.7372833467823625e-06
-3.698618966014297e-06
5.314770775035282e-06
6.109252749555847e-06
-1.717465375410454e-06
9.460356612350091e-07
6.227944417082565e-06
-4.297368729579573e-06
-4.6047273568922135e-06
-3.931154783972726e-06
4.833089119132647e-06
5.890380185927857e-06
1.89789042977212e-06
-6.0517613235862025e-06
8.458234367276773e-07
0.000528574325286
0.000585922902979
0.000503618843433
0.000708845414541
0.0006002145987
0.000511490488239
0.000548212225116
0.000663075953082
0.000390708616839
0.000445041707005
0.000662095980829
0.000366245226337
0.000685745711948
0.000498391580466
0.000505209945032
0.000554269455625
0.000465347062521
0.000643770779297
0.000442206685752
0.000489316061556
0.000410852281319
0.000755867615919
0.000464016553411
0.000770305468286
0.000740260047867
0.000533663964083
0.000494378149765
0.000473665523963
0.000597613026447
0.000550693747827
0.000369487203769
0.000523540151475
0.000491916471469
0.000464914007997
0.000497775496969
0.000441077766396
0.000532259532519
0.000706011501181
0.000526553884772
0.000513567209719
0.000440127300784
0.000506433549818
0.000586989982435
0.000467977761403
0.000459413021934
0.000570651578089
0.000615281514929
0.000416482666846
0.000614751529547
0.000455181465612
0.000473397950429
0.00037938764707
0.000478984798198
0.000388442929572
0.000474072568281
0.000521820243746
0.000423159823102
0.00037229252243
0.000464684278142
0.00045805593866
0.000355537611402
0.00041944814441
0.000588586088664
0.000380605916598
0.000413135508076
0.000493108078196
0.000418170543118
0.000463978492845
0.000509864699851
0.00041615853327
0.000405197326008
0.000519047025137
0.00051983232952
0.00042128798115
0.000353355173971
0.00042495942395
0.000417278428408
0.000416261291384
0.00036364766995
0.000433240565699
0.000370908022991
0.000430365215636
0.000384481568283
0.000437837248819
0.000449245348123
0.000401755554118
0.000244460663357
0.000297202401055
0.000451524348115
0.00038541530146
0.000462930107058
0.00042182022178
0.000489421732758
0.000432607673878
0.000347482371357
0.000480907199406
0.000606986623885
0.000340124156167
0.000376335125671
0.000380615867153
0.000403302521689
0.000320675503249
0.000441693011871
0.000657351734004
0.000396385575772
0.00038516840649
0.000529396109564
0.000378723565784
0.000414905631356
0.000405590769479
0.000462017221013
0.000547628616446
0.000330569032229
0.000393388443545
0.000317521726828
0.000568633020268
0.0003421722822
0.000440992267752
0.000339932652567
0.000332119445295
0.000394745615131
0.000387862348828
0.000396298509498
0.000504676918649
0.000557497662857
0.000440955113773
0.000295888423591
0.00048905617889
0.000457611770032
0.000312000132411
0.000293639150807
0.00045286254573
0.000417463567718
0.000345707967752
0.000346199181797
0.000487768941551
0.000392321373328
0.000338588535665
0.00038973079226
0.000312290541258
0.000436418597966
0.000368074922988
0.000413484042162
0.000381929260556
0.000346160421657
0.000397477938654
0.000255946094686
0.000358824010775
0.000284418312376
0.000323817553386
0.000383902799672
0.000327049798092
0.000354791034497
0.000383360447451
0.000372376334348
0.000519409222545
0.000356245859342
0.000404966249931
0.0003782085637
0.000331473132758
0.000372754893363
0.000336501667479
0.000309688958122
0.00044140405605
0.000354481928786
0.000288647434906
0.00061231440811
0.000305166602495
0.000499961021109
0.000351582143119
0.00035658787207
0.000288739364438
0.000319821028939
0.00027323658369
0.000404683245163
0.000324802669608
0.000373118970141
0.000272739695622
0.000325987896511
0.000509894741833
0.000334962508362
0.000431202215259
0.000364924655311
0.000301885765395
0.0002826006757
0.000372995257508
0.000254900348832
0.000405004291205
0.000303247823629
0.000448191785201
0.000369676257129
0.000677795949867
0.000288647859386
0.000422843856271
0.000406693220229
0.000358404826886
0.000371763206776
0.00040032705771
0.000373808927395
0.000265743696145
0.000512015333949
0.000304884775201
0.000345624689041
0.000380773191728
0.000298190393704
0.000410859210867
0.000294632932347
0.000327446736396
0.00034260797332
0.000371931338543
0.000445729262104
0.000418874158917
0.00038934744642
0.000401949378237
0.000271711043322
0.000485210409946
0.000474307338262
0.000354262896644
0.00031919115118
0.000359574414043
0.000369402111874
0.000266010840382
0.000387716016573
0.000311725533714
0.000452215567187
0.000363461576983
0.000321217265224
0.000383766691018
0.000366833014489
0.000298014660246
0.000448408409782
0.000516367131804
0.000204031888941
0.000358314360755
0.000189736976241
0.000370418996294
0.000343909462845
0.000402713752629
0.000258672522222
0.000339251325157
0.000238949432728
0.00027864413906
0.000501260712023
0.000461604764446
0.000457647546613
0.000520866317389
0.000363540225405
0.000259520108366
0.000419311550671
0.000233218738034
0.000576433837845
0.000298187934933
0.000309391766022
0.000429709011224
0.000253684838196
0.000383800302829
0.000354006932315
0.000430230145279
0.000353966707329
0.000453589636025
0.00021404487232
0.000368285333903
0.000347489815039
0.000318005515842
0.000360624819529
0.000314340885204
0.000414928688359
0.000326693187064
0.000336744688264
0.000744257386882
0.000443519748716
0.000366426181469
0.00031767176748
0.000534764203197
0.000332594379088
0.000321714202447
0.00055444127005
0.000264272078945
0.000420388674931
0.000439264748296
0.000426885361442
0.000530762018576
0.000296631763959
0.000281757658669
0.000223589036298
0.000251460571013
0.000346808945907
0.000339035795181
0.00044784485348
0.000347653672837
0.000301844676266
0.000396717681255
0.000298060875059
0.000365294137607
0.000327361738635
0.000284345815893
0.000189560184384
0.000335775583276
0.000361294979846
0.000282095286464
0.000300311906215
0.000242560175016
0.000288679165329
0.000348111157135
0.000319912864482
0.000300622243605
0.000438199001426
0.000520636957429
0.000570887348051
0.000428002968338
0.000147807936195
0.000428451914133
0.000428912507175
0.000324166275372
0.000792602558625
0.000409693040202
0.000489176232662
0.000257359587128
0.000413215070877
0.000288555606784
0.000348751457338
0.00044303468986
0.000524633413249
0.000293109869969
0.000328835261248
0.000364034144638
0.000382795051588
0.000651900543256
0.000211074061587
0.000377992140223
0.000352833212117
0.000435427708704
0.000255094031733
0.00029604650542
0.000256105377854
0.000434596930039
0.000233285444787
0.000483664568966
0.00042399720316
0.000518221944026
0.000416648645849
0.000353195657151
0.000341208921959
0.000228211916172
0.000327258023893
0.000366043023676
0.000350103554761
0.000219058472022
0.00017284544826
0.000279391803831
0.00035938325612
0.000261757575403
0.000346371778746
0.000440075471695
0.00029830256736
0.00037283188217
0.000332999055855
0.000295299440276
0.000271947912873
0.000320374183217
0.000317224406591
0.000455226960121
0.000227597686546
0.000246490533522
0.000230768019364
0.000293197407375
0.000318168784829
0.000394275604461
0.000254021547577
0.000391101143769
0.000374249953805
0.000168866200734
0.000349563591338
0.000351460608049
0.000198977685199
0.000260292771969
0.000263390945918
0.000211437351949
0.00015760617426
0.000447135222214
0.000437241831718
0.000344813995984
0.000228100542431
0.000194406303506
0.000271601781967
0.000300272147412
0.000309240144013
0.000311840511237
0.000346842966138
0.00032145149828
0.000331689983679
0.000258271824169
0.00036491808574
0.000298386943492
0.000260726559709
0.00039293086551
0.000199684457479
0.000356950213613
0.000394887470189
0.000232898309593
0.000435307422596
0.00044714290481
0.000172188688264
0.000196282420492
0.000233183506531
0.00026847423418
0.000471444649979
0.00030951516957
0.000224638729354
0.000359600690186
0.000411902837049
0.000515257256038
0.000182103508366
0.00032477986514
0.000402890046831
0.000264550053208
0.000366221648487
0.000263095911586
0.00025558967498
0.000299549787319
0.000383309788124
0.000209220146519
0.000321012369825
0.000295520724415
0.0002501409538
0.000178574699651
0.000236106807442
0.000326943946011
0.000269028206616
0.000272844034025
0.000266416142432
0.000241075221357
0.00037186611942
0.000367114181443
0.00019779827736
0.000376951359104
0.000181302811213
0.000294251124654
0.000355287917941
0.000390246339125
0.000299770371538
0.0004804582331
0.00038472928646
0.000294231610372
0.000234448630189
0.000142039927982
0.000442194557504
0.000429366244754
0.000376742486792
0.000173538876569
0.000282751112019
0.000243539281129
0.000424100972626
0.000446971291336
0.000404102618224
0.000475510642373
0.00022116129668
0.000437314494943
0.000214554255235
0.000444880020046
0.000450056531212
0.000197819759205
0.000370154810051
0.000302111924767
0.000353868232482
0.000459506688958
0.000292253782713
0.000306422785847
0.000286862962964
0.000496117573186
0.000239002596988
0.000445180326491
0.000340462342205
0.000308976584376
0.000234811705583
0.000248747514219
0.000354666489039
0.000452235543538
0.000383370982489
8.70114044346e-05
0.000198462567023
0.000176181752457
0.000316910884008
0.000448948310523
0.000295187961464
0.000275179025172
0.000235167174602
0.000283349665265
0.000375481532167
0.000227398579761
0.000194141704409
0.000282434749036
0.00038217080882
0.000355740895731
0.000363656604096
0.000182602677004
7.89245446606e-05
0.000285380933204
0.000203480594311
0.000412330048642
0.000612438070364
0.000244149299635
0.000144135746292
0.000291062618442
0.000379784743251
0.000161844911963
0.000492698965525
0.000185901285278
0.00034340440714
0.000411631325829
0.000228711760737
0.00031406479558
0.000366222406408
0.00044386439795
0.000323586847378
0.000151800987281
0.000322394576943
0.000388610646614
0.000457380666286
0.000622220377555
0.000318996882032
0.000522919235905
0.000215781341769
0.00039385449132
0.000414444892405
0.000252540598925
0.000310807457751
0.000567598673389
0.000171779967798
0.000241788387237
0.000191591834038
0.00027038025691
0.000264933625152
0.00034059885976
0.000199928096013
0.000373810284642
0.000393195773663
0.000528178336707
0.000438318020311
0.000273005256445
0.000311972234935
0.000424062161381
0.000314399827873
0.000399678467503
0.000346729745154
0.000150910834778
0.000312086311622
0.000360292813477
7.41573214273e-05
0.000282454491132
0.000118920165655
0.000369270376173
0.00055527783587
0.000315139644691
0.000343869750138
0.000458857131102
4.87719508869e-05
0.000293735648625
0.000300126906043
0.000404138120663
0.000292969497185
0.000244309669711
0.000218314430423
0.00034959325738
0.000719915983797
0.000378346204165
0.000410337151751
0.00046171867309
0.000450997039283
0.000349288312878
0.000377177077509
0.000329132351286
0.000192611186432
0.000305330614512
8.33771507941e-05
0.000435478351695
9.45229539244e-05
0.000364808330145
4.65889880137e-05
0.000415196247805
0.000580703394037
0.00051399240223
0.000247049205442
0.000538743527508
0.000290382349739
0.000317055639784
0.000376636291711
0.000257398891446
0.000145817058699
0.000249608783456
0.00044528017852
0.000365391326221
0.000218774863395
0.000395857676595
0.000272510667497
0.000474981549218
0.000308248818762
0.000482206994228
0.00033406877788
0.000296107175725
9.41364798408e-05
0.01
0.000529950957073
0.000437376955982
0.000134116095296
0.00033823595833
0.000513033809068
0.000315404901409
0.000252375960578
0.000377136830185
0.000348802163615
0.00027925320928
0.000291293846249
0.000338230051456
0.000104689099835
0.000339747610002
0.000379193218888
0.000274718034834
0.000292429958841
0.000340610387309
0.000400232769807
0.000480814359015
0.000412478635977
0.000408445701606
0.000379142808398
0.000259731120269
0.000478061975601
0.000255665890119
5.2923070738e-05
0.000689380686797
0.00040780481108
0.000455036435082
0.000220709160051
0.00036184770894
0.000690083022406
0.000391938484684
0.000260253922795
0.000213946449645
0.000222947722244
0.000402954879391
0.000616458038704
0.000274839552252
0.000465110548271
0.00029474784026
0.000299784953366
0.000292656290732
0.000232444401144
0.000263811543871
0.000252055576457
0.000235991894481
0.0003233767632
0.000219775119334
0.000128050606385
0.000293856322691
0.000439340884938
0.000341441647811
0.000571184501798
0.000322340824176
8.70041401337e-05
0.000297683971836
0.000274179177579
0.000543327295121
0.000418938619099
0.000280614940117
0.00025418629903
0.000314345989178
0.000270559179246
0.000494865219002
0.00056541921508
0.000328892079346
0.000356978444664
0.000197514491084
0.000493332582136
0.000246202647048
0.000170836840806
0.000351804169464
0.000418312207325
0.000361432663414
0.000321645351868
0.000180303404749
0.000307108281842
0.00035985184272
0.000534855029331
0.000393732940826
0.000373814421716
0.000247611651026
0.000327162425564
0.000412374641969
0.00032996669621
0.000467778035372
0.000318162825508
0.000373931109927
3.2024174842e-05
0.000499913468737
0.000344242425148
0.000280760254517
0.000402427453991
0.000262141899556
0.000310764083948
0.000284418188088
0.000431031858362
0.000305053665133
0.000360263480104
0.000489651001708
0.000289395609535
0.000634006498519
0.000447358366687
0.000491038890987
0.000316258925969
0.000328502269363
0.000317694724801
0.000434936721247
0.000316029815407
0.000600053152094
0.000323298192998
0.000382240313999
0.000301119318357
0.000393683605338
0.000264429373273
0.000127807571959
0.000434957384338
0.000392618633846
0.000401848615454
0.000302019061853
0.000223329736963
0.000424885487734
0.000204899926749
0.000495995949581
0.000144803906516
0.000333134740804
0.000149959266869
0.00027842124181
0.000360713470668
0.000544028898422
0.000230536867379
0.000284588827124
0.000244038966806
0.000482519914283
0.000514182769628
0.000278297651062
0.000313841485693
0.000306264942493
0.000261688325209
0.000497496083742
8.5713200914e-05
0.000600368993323
0.000291299405149
0.000593151996179
0.000290210186197
7.47217028255e-05
0.000575107550483
0.00028327920124
0.00033759633512
0.000354144218573
0.000193811977311
0.000336895477005
0.000517545168347
0.000447623662644
0.000241394350159
0.000228246901853
0.000241633721773
0.000294556962888
0.000303075836796
0.000391150341189
0.000289427314186
0.000145295009803
0.000237310932752
0.000218515284276
0.000415955499409
0.000337249536108
0.000202733724262
0.000194449291632
0.000378185642987
0.000336314877837
0.000399350987212
0.000320055253056
0.000337475839181
0.000289845350812
0.000431142880964
0.000320116316053
0.000263160341122
0.000287442915454
0.00038231756691
0.000362555441551
0.000270542731739
0.000353837321537
0.000374381254415
0.000284028882799
0.000312795201948
0.000301583096478
0.000288815104349
0.000353164069647
0.000334889647307
0.00041661771038
0.000343499455552
0.000332421707965
0.000273224995684
0.000518980318142
9.99375329642e-05
0.000265165133143
0.000210648342132
0.000321644755555
0.00033613594087
0.000626097469781
0.000332286634815
0.000260888854632
0.000337162966017
0.000225411847449
0.000423716373697
0.000316325764969
0.000318107075435
0.000437997686422
0.000458840610143
0.000388948530248
4.47585338077e-05
0.0002584945932
0.000455636813244
0.000333730729497
0.00034193342395
0.000411362334167
0.00032770396269
0.000382129189332
0.000213879399512
0.000209858636563
0.000335035633152
0.000349303372005
0.000268661218752
0.000300390212126
0.00027044907385
0.000388360700464
0.000400209128586
0.000270940917125
0.000391511248861
0.000396856329848
0.000265037471775
0.00035769389682
0.000309119217176
0.000286493523557
0.000239120176864
0.000326220895916
0.000381796210296
0.000283235729284
0.00035963774784
0.000218716093776
0.000230672715343
0.000320678494526
0.000331391765191
0.0002771190654
0.000328145533135
0.000311846827242
0.000255964668696
0.000294148654352
0.00043175895381
0.000326744189863
0.000452656330313
0.000309482830068
0.000354309453294
0.000315987583344
0.00039439926217
0.000291934311123
0.000293820162477
0.000241886052029
0.00026679772853
0.000266008188916
0.000340983882247
0.000262155886873
0.000294664994521
0.000407892260594
0.000383510268723
0.000258482464615
0.000258543792555
0.000400622665035
0.000314277702109
0.000224089350992
0.000355630492607
0.000268013365949
0.000303078718875
0.00035475912657
0.000386752871459
0.000283146411119
0.000328581905974
0.000363083416996
0.000298488995229
0.000226819338246
0.000384600936098
0.000233982815043
0.000305637679184
0.000241379356649
0.000250867398009
0.00032230414713
0.000233239353022
0.000284779998781
0.000298615535821
0.000258792018942
0.000379540870907
0.000258034149879
0.000257686859488
0.000318304773266
0.000259018812544
0.00017220702265
0.000308716128311
0.000265549306085
0.000334082419146
0.000424323296997
0.00029838292894
0.000317514272038
0.000313218724428
0.000247553394233
0.00030324954675
0.000322331541209
0.000270464447365
0.000196674599637
0.000292919447682
0.000299034272781
0.000164309055725
0.000481569630229
0.000474352318553
0.000239983732598
0.000137691387324
8.74045172684e-05
0.01
0.000212891655581
0.000267820507986
0.000196201649434
0.000347581119296
0.000266667728611
0.000387503644421
0.000326130957058
0.000272367693653
0.000330811431869
3.90430108348e-05
0.000234479388469
0.000258344755173
0.000234909386299
0.00025750115264
0.000268855997227
0.000209199225172
0.000303901542884
0.00028256287667
0.000244482315164
0.00028724951026
0.00020925700149
0.000201945503407
0.000174836602025
0.000269680255157
0.000228532909271
0.00021902277143
0.000253582432843
0.000214961619341
0.000250791014277
0.000319704049959
0.000551637426272
0.00023752451716
0.000320589462928
0.000190781215779
0.000290567329871
0.000227468318381
0.000318758601157
0.000201780482042
0.000179877032689
0.000217883348426
0.000250786324137
0.000187756094337
0.000276162007623
0.000315358960431
0.000249244355656
0.000300004931153
0.000362894905925
0.000307849774129
0.00028288613003
0.000271216366032
0.000350461073681
0.000342269214933
0.000280928480462
0.000222178293866
0.000233917208896
0.0001776252648
0.000268062494084
0.000220851937096
0.00020507125934
0.000206128500271
0.000264992254724
0.00024322743278
0.00038629443393
0.000243836658063
9.14821727496e-05
0.000315792532876
0.000191475980314
0.000216925943921
0.000293043064351
0.000332266014206
0.000331718932661
0.000195610623293
0.000182834256181
0.000247400110406
0.000197175787268
0.000429534357498
0.000185208004281
0.000266391553915
0.000274879261864
0.000420257338585
0.000263176608146
0.000265116459576
0.00022442675699
0.000280428049618
0.000261891260319
0.000213458474644
0.000273845559394
0.000232039665149
0.000280834581376
0.000247279431961
0.000274422719758
0.000387793200616
0.000294506283082
0.000241258748285
0.000286260836496
0.000147362312536
0.000222940530355
7.05447537896e-05
0.00021258346389
0.000256137491617
0.000412346025446
0.00015981723573
0.000186902331118
0
