0.0314159265359
0.0746128255228
0.0400553063333
0.065188047562
0.0447676953137
0.0486946861306
0.115453530019
0.0675442420522
0.069115038379
0.0934623814443
0.0950331777711
0.053407075111
0.057334065928
0.0997455667515
0.0973893722613
0.0911061869541
0.109170344712
0.105243353895
0.16650441064
0.16179202166
0.111526539202
0.12252211349
0.201847327993
0.119380520836
0.00785398163397
0.011780972451
0.188495559215
0.221482282078
0.24975661596
0.0832522053201
0.210486707791
0.193207948196
0.178285383091
0.195564142686
0.153152641863
0.138230076758
0.199491133503
0.2081305133
0.253683606777
0.3282964323
0.103672557568
0.417831822927
0.135088484104
0.151581845536
0.296880505764
0.33065262679
0.281172542496
0.155508836353
0.32358404332
0.333008821281
0.204203522483
0.0164933614313
0.176714586764
0.419402619254
0.677013216849
0.132732289614
0.277245551679
0.148440252882
0.150011049209
0.269391570045
0.273318560862
0.361283155163
0.225409272895
0.174358392274
0.28431413515
0.215984494934
0.636172512352
0.271747764536
0.248185819634
0.261537588411
0.28667032964
0.614181363777
0.267035375555
0.307090681888
0.591404817038
0.675442420522
0.549778714378
0.793252145031
0.864723377901
0.314944663522
0.416261026601
0.667588438888
0.343218997405
0.57569685377
0.513650398862
0.57098446479
0.146869456555
0.713141532365
0.234048652692
0.322013246993
0.219911485751
0.422544211908
0.790110552378
0.506581815391
0.599258798672
0.457887129261
0.911061869541
0.131161493287
0.540353936417
0.622035345411
0.906349480561
0.532499954783
0.350287580875
0.628318530718
0.319657052503
0.0879645943005
0.180641577581
0.870221165044
0.290597320457
0.20577431881
0.512079602535
0.412334035784
0.680154809502
0.641670299496
0.709214541548
0.400553063333
0.634601716025
0.945619388731
0.908705675051
0.259181393921
0.944048592404
0.509723408045
0.28902652413
0.336150413934
0.767334005639
0.589834020711
0.791681348705
0.363639349653
0.714712328692
0.976249917103
0.949546379548
0.145298660229
0.616537558267
0.876504350352
0.601614993162
0.521504380496
0.858440192593
0.405265452313
0.744557458901
1.01394902895
0.717068523182
0.326725635973
0.958971157508
0.65423667011
0.376991118431
0.371493331287
0.462599518241
0.853727803613
0.823882673404
0.788539756051
0.965254342815
0.989601685881
0.892997711783
0.294524311274
0.740630468084
0.888285322803
0.828595062384
0.313373867196
0.358926960673
0.898495498927
0.474380490692
1.00373885282
0.832522053201
0.526216769476
0.563915881319
0.317300858013
0.237190245346
0.657378262764
0.830165858711
0.77440258911
0.383274303738
0.856083998103
0.814457895443
0.872577359535
0.699004365424
0.842732229325
0.805033117482
0.437466777012
0.530929158457
0.263893782902
0.821526478914
0.486161463143
0.816814089933
1.2574224596
0.846659220142
0.684081800319
0.479878277836
0.999026463842
0.968395935469
0.582765437241
0.366780942307
0.812101700953
0.300022098418
1.14746671672
0.498727833757
0.559203492339
1.01630522344
0.45317474028
0.504225620901
0.185353966562
0.937765407097
0.552134908868
0.867864970554
0.554491103359
0.751626042371
1.30768794206
0.348716784548
0.681725605829
0.799535330339
0.596902604182
0.608683576633
0.502654824574
1.04379415916
0.651095077456
0.665232244398
0.408407044967
0.980962306083
0.352643775365
1.29276537695
0.849800812796
0.302378292908
0.900851693417
0.544280927234
0.728064097469
0.593761011528
0.673086226032
0.749269847881
0.695077374607
0.720210115835
1.05086274263
0.759480024005
0.339292006588
0.611825169287
0.392699081699
0.548207918051
0.993528676698
1.29747776593
0.625176938064
1.11526539202
0.562345084993
0.73748887543
1.12311937366
0.874933554025
1.18359503224
0.834878247691
1.17102866163
0.7767587836
1.25977865409
0.724922504816
0.425685804561
0.783041968907
0.806603913809
0.444535360483
0.387201294555
0.77911497809
1.23464591286
1.42706846289
1.1458959204
0.587477826221
1.27705741368
0.940121601587
1.39015474921
0.913418064031
1.20715697714
1.12469016999
1.28176980266
1.20008839367
1.0406525665
1.37680298044
1.09327424345
0.5364269456
1.13332954978
0.904778684234
1.17652644877
1.47262155637
0.925199036482
0.996670269351
0.305519885562
1.09170344712
0.433539786195
1.4741923527
1.0964158361
1.15532069836
1.31711272002
1.29119458063
0.884358331986
1.4977542976
0.891426915456
1.10976760488
1.14275432774
0.341648201078
0.933053018116
1.34146006308
1.03436938119
0.578838446424
0.962898148325
0.491659250287
1.00923663997
0.918915851175
0.734347282777
0.395055276189
0.895353906273
0.450033147627
1.1286171608
0.770475598293
1.2660618394
1.26292024674
1.19459060653
0.957400361181
1.01944681609
1.13961273509
0.470453499875
0.841161432999
0.606327382143
0.704502152568
1.22679193123
1.49147111229
1.15060830938
1.16788706897
1.50560827923
1.16631627265
1.18673662489
1.11762158651
1.20165919
0.465741110895
0.346360590058
0.915774258521
1.31554192369
1.08699105814
1.33517687778
0.603971187653
1.09484503978
0.374634923941
0.971537528123
1.06499990957
0.381703507411
0.662090651744
0.93619461077
1.34852864655
0.49480084294
1.33910386859
1.50717907556
1.52524323332
1.36580740615
1.21186936612
1.32889369247
0.731991088286
1.16396007816
0.631460123372
1.37130519329
0.880431341169
1.55665915985
1.06185831691
0.390342887209
0.517577389679
1.22050874592
0.803462321156
1.07442468753
1.4891149178
1.53938040026
0.689579587463
0.979391509757
1.40429191615
1.38387156391
0.922057443829
1.43727863902
1.03044239038
0.241902634326
1.25349546878
1.16160388366
0.477522083346
1.05950212242
0.644811892149
1.62498880007
1.32653749798
1.5299556223
1.05400433528
1.30297555308
1.24328529266
1.4569135931
1.42157067575
1.02494460323
0.973893722613
1.53231181679
0.986460093227
1.1780972451
1.35873882268
1.02808619589
1.23307511653
1.22365033857
1.32025431267
1.35245563737
0.648738882966
1.47969013984
1.15296450387
0.826238867894
1.41921448126
0.796393737685
0.947975583221
1.46005518576
1.01787601976
1.47811934351
1.51110606638
1.23071892204
1.2487830798
1.19851759734
1.18202423591
1.20558618082
0.403694655986
0.929911425463
1.44042023167
0.640099503169
1.41057510146
1.13175875346
1.51503305719
1.34381625757
1.15846229101
1.40664811064
0.942477796077
1.57943570659
1.25113927429
0.702145958077
1.50953527005
1.68624985681
1.57315252129
0.619679150921
1.10819680855
0.691935781953
0.244258828817
1.28412599715
1.0320131867
1.12154857733
1.18987821755
1.04615035365
1.85903745276
1.06814150222
1.10034282692
1.51346226087
0.230121661875
0.742986662574
1.38858395289
0.757123829515
1.59592906802
1.77657064561
0.429612795378
1.17417025428
1.33360608145
1.35716802635
1.32339590532
0.711570736038
0.461028721914
1.28569679348
0.785398163397
1.41607288861
1.17966804142
1.70431401457
1.46712376923
1.41371669412
1.52838482597
0.442179165993
0.581194640914
1.74044233009
1.31240033104
1.54566358557
1.61399322578
1.80091798867
1.28019900634
1.07992247467
0.489303055797
1.27313042287
1.20951317163
1.08306406733
1.56058615067
1.77499984928
1.70824100539
1.76714586764
0.954258768528
1.60378304966
1.53702420577
1.3689489988
1.69331844028
1.79070781255
1.68782065314
0.860796387084
1.6328427817
1.65326313395
1.75693569152
1.61085163313
1.61242242945
1.49618350127
1.27077422838
1.68075206967
1.59985605884
1.8260507299
1.1372565406
1.61556402211
1.58336269741
1.47105076004
1.10584061406
1.58807508639
1.72787595947
2.01219009462
1.86139364725
1.47576314902
0.687223392973
0.380132711084
1.46398217657
1.8174113501
1.88024320317
1.27548661736
1.93207948196
1.55508836353
1.0492919463
1.71530958886
1.59828526251
1.70667020906
1.40193572166
1.50325208474
1.62341800374
1.43256625004
1.75536489519
1.6587609211
1.7702874603
1.67839587518
0.723351708489
1.96820779747
1.39408174003
1.21736715327
1.8731746197
1.72394896866
2.09779849443
1.78442462724
1.60849543864
1.82055294276
2.00983390013
1.79620559969
1.54959057638
1.7530087007
1.84411488766
1.73572994111
2.09936929076
1.56294234516
1.90380514808
2.03103965055
1.61949101293
1.7380861356
2.02632726157
1.88574099032
1.65169233762
1.34695785023
1.54330739108
2.09072991096
1.23857290368
2.16220114383
1.95642682502
0.483805268653
0.239546439836
1.63834056885
1.71059719988
1.60692464231
1.55273216904
0.754767635025
1.59357287353
1.95092903788
1.79856179418
1.87553081419
1.02258840874
2.08915911464
1.87788700868
1.45220120412
1.89830736093
1.97056399196
1.72630516315
1.66582950457
2.09622769811
1.74515471907
1.78913701622
1.71373879253
1.64619455048
1.93443567645
1.88888258297
1.89595116644
1.85746665643
1.4482742133
1.9462166489
1.39800873085
1.70274321825
1.63598437436
1.92658169481
1.86453523991
1.45534279678
1.66190251375
1.88417019399
1.86846223072
1.64933614313
1.85432506378
1.7938494052
1.83783170235
1.91715691685
0.839590636672
1.95956841768
1.5857188919
1.94307505625
1.67132729171
1.89987815726
2.0169024836
2.02397106708
1.0901326508
1.74908170989
1.36109501717
1.96585160298
2.20775423731
2.0577431881
1.85196886929
1.6972454311
1.80405958132
1.92972328747
2.29493343345
1.53466801128
2.04360602116
2.12607282832
2.04674761381
1.48283173249
1.44513262065
1.96271001033
1.66425870824
2.00040912217
1.38072997125
2.06481177157
1.92029850951
1.82447993357
2.0491038083
2.07580734586
1.84175869317
1.56608393781
1.9870573534
2.14963477322
1.84882727664
2.22110600609
2.03575203953
2.07109495688
1.81269896112
1.66897109722
2.1072232724
2.44572988082
1.82840692439
1.68389366232
1.83547550786
2.31928077651
2.04203522483
1.72237817233
1.57786491027
2.28550865549
2.30749980406
1.91244452787
1.51896004801
2.25330733079
2.25173653446
2.10565247607
1.80641577581
2.25487812711
2.0663825679
1.9784179736
2.11743344852
2.03339584504
2.06795336423
2.28393785916
2.17633831077
2.17241131996
1.71845118151
1.70038702376
2.12921442097
2.35776528652
2.1457077824
2.38132723142
1.90930293522
2.23210158038
2.00433611299
2.10879406872
1.95328523237
2.13942459709
2.30121661875
2.06324097525
2.18890468139
2.05617239177
1.73180295029
1.64226755966
1.83311931337
2.20382724649
1.62970118905
1.98862814972
2.46379403858
2.12450203199
2.24938033997
2.28865024814
2.2423117565
2.32085157284
2.05381619728
1.99569673319
1.93914806543
2.12293123566
2.31142679488
2.1135064577
2.1951878667
2.44337368633
2.1692697273
2.15199096771
2.27844007202
2.49442456695
2.30592900773
2.43159271388
2.50777633573
1.89123877746
2.23602857119
2.21796441343
2.15670335669
1.78206843275
2.58474535574
2.26508830324
1.94935824155
2.75910374802
2.46615023307
2.34048652692
2.24388255283
1.83076311888
2.16063034751
2.41981174143
1.98155956625
2.21482282078
2.3624776755
1.77971223826
2.19126087588
1.97449098278
1.98470115891
2.51091792838
2.3451989159
2.07894893851
1.67525428253
2.19283167221
1.59043128088
1.24564148715
2.21325202445
2.45436926062
2.7143360527
2.4504422698
2.16534273649
2.50934713205
2.31770998019
2.02004407626
2.45986704776
2.48814138164
2.27137148855
2.76067454434
2.21168122813
2.77795330394
1.24171449633
1.90694674073
2.40017678734
2.07345115137
2.14256618975
2.18105069975
2.54783164206
2.02868345606
1.81034276663
2.47636040919
2.13549760628
1.7616480805
2.77559710945
2.53290907696
2.28079626651
2.45594005694
0.763407014822
2.10329628158
2.48028740001
2.37661484244
2.04046442851
3.10860593073
2.06088478075
2.47793120552
2.77088472047
2.24623874732
1.60221225333
2.43630510286
2.42373873224
2.62401526391
1.92422550032
2.69548649678
2.13392680995
2.58317455941
2.38918121306
2.52034270634
2.26901529406
2.44887147347
2.6758515427
2.11115026321
2.32949095264
3.08975637481
2.6499334033
2.39389360204
1.9375772691
2.5941701337
2.44101749184
2.31378298937
3.11174752338
2.28236706283
3.1070351344
2.4826435945
2.48657058532
2.84471214783
2.34362811958
2.56746659615
3.01671434561
2.85020993497
3.08740018032
2.83528736986
2.50227854858
2.36876086081
2.90832939906
2.35540909203
2.22817458956
2.71276525637
2.64286481983
2.33655953611
2.81329622129
2.75674755353
2.55882721635
2.89733382477
2.60987809697
2.38682501856
2.39703519469
2.80858383231
2.80622763782
2.6734953482
2.35069670305
2.82350639741
2.6350108382
2.29179184079
2.3389157306
2.62244446758
2.56118341084
2.42923651939
2.32556396182
1.91480072236
2.64050862534
2.52819668798
2.40724537081
2.15513256036
2.68606171882
2.59652632819
2.25959051609
3.05676965194
2.76224534067
2.61616128228
2.90597320457
3.11881610685
2.47321881654
2.37425864795
2.84078515701
2.51798651185
2.41352855612
2.65464579228
2.37975643509
2.89340683396
1.99255514054
2.46850642756
3.0512718648
3.08582938399
2.3711170553
3.00728956765
2.86277630558
3.02613912357
2.26273210875
2.6114488933
2.58003296676
2.18419229241
2.51563031736
2.73554180311
2.54547544757
3.06305283725
2.66328517208
2.78266569292
2.38446882407
2.74103959026
2.61301968962
2.96016567784
3.10310814358
2.76852852598
2.98137142826
2.76460153516
3.12509929216
2.62008827309
2.94681390907
2.53055288247
3.09368336562
3.12038690318
2.69391570045
2.62794225473
2.64600641249
3.05362805929
2.53683606777
2.52662589165
2.55254403104
2.78580728557
3.11724531052
2.86120550926
2.34834050856
2.52426969716
2.12136043934
2.93895992743
2.73868339577
2.56982279064
2.66878295922
2.85649312028
2.91539798253
2.78894887822
2.67977853351
2.99315240071
3.07561920786
3.06933602256
2.82115020292
3.07404841154
2.70962366372
2.33420334162
2.86513250007
3.0921125693
3.06069664276
2.95152629805
2.79444666537
2.85884931477
2.60830730064
2.46222324225
2.45279846429
2.94053072376
3.004147975
2.91068559355
2.7229754325
2.72690242332
2.27608387753
3.00100638234
2.89105063947
2.63815243085
2.96801965948
2.70648207107
2.75203516454
2.5062055394
2.90283161192
2.74261038658
3.03242230888
2.58867234656
3.04341788317
2.2980750261
2.68998870964
2.63265464371
3.01121655847
2.97037585397
2.92639355682
2.83136037905
2.60595110615
2.88555285232
2.19911485751
2.55647102186
2.92403736233
2.40488917632
3.04655947582
3.12352849583
3.07247761521
2.66564136657
3.0339931052
3.04891567031
2.54233385492
2.70019888576
2.91304178804
2.73082941413
2.53997766043
2.83371657354
3.02299753092
2.93189134396
2.71904844168
2.79994445251
3.09996655093
3.03085151255
2.93660373294
1.69174764396
2.82821878639
2.99865018785
2.98372762275
2.60045331901
2.66092897759
2.94995550172
3.13216787563
3.09682495828
2.74889357189
2.93503293662
2.57374978145
2.97980063193
2.97351744662
2.96566346499
2.42609492673
2.65778738494
3.08190239317
2.49913695593
2.63029844922
3.13452407012
2.41588475061
3.02849531806
2.24074096017
2.73397100679
2.88790904681
2.98844001173
2.13157061546
2.22581839507
2.98608381724
2.6263714584
3.03713469786
3.13766566277
2.49206837246
2.70334047841
3.07876080052
2.41117236163
2.86984488905
2.79130507271
2.97665903928
2.88005506518
2.87377187987
0.0015926717891402936
0.03708160489749291
0.0038809075992822712
-0.008457652276128559
0.00035912092690339273
-0.008739805252199619
0.004404026932192912
0.004572989194873894
0.0004215695637207354
-0.005005360795066594
-0.0005455180523903934
-0.004772586250812713
-0.0033392220444280482
0.002679518019032904
0.0006178287458580967
-0.00365537392899457
0.0001689042292987757
-0.0036579765725543493
0.003209314349933387
0.0008008373732060687
0.0013141136707510057
-0.0030258897742736364
-0.0019036904066819123
-0.002658774706578961
0.00010525338414204
-0.0032459163955580843
-0.003044033295240998
0.00022651957854505028
-0.00207138642315845
-0.0021679838676664344
-0.0025602114061354666
-0.001534148425358913
-0.002581280977007208
-0.00033673669343129646
-0.0024340338652400423
-0.00024683514770586196
0.002302151515017038
0.00027655611918094757
-0.0007818863509791931
-0.0020899990498252008
-0.0018009702645901782
0.0012824872383857384
0.00219687257282664
-0.0002297223829718565
-0.0007566279056703264
0.0015941440944622438
0.0016016786333988278
-0.0006526318568223892
-0.0015570865513372103
-0.0006446774325508291
-0.0010532287076252791
0.001265698922188827
0.0002696713462520883
-0.0015851915227268298
-0.0009053034697666172
0.0013257043611913633
-0.00010573171343136776
-0.0015713895473921818
-0.001471622761151678
-0.0004068698792733295
0.00140012982587311
-0.0006066458871862276
-0.0012958281028930905
-0.0007200578564946303
8.302854534906303e-05
-0.0014737006661230936
-0.0014420710744212585
0.0002757972003875939
-0.00012314449178059885
-0.0014586651589838316
-0.0010146721381635445
-0.00093311314810519
-0.00136449041842023
5.119686735307102e-05
1.8879033142739987e-05
0.0013511696398186407
-0.0013012944532493152
-0.00018548073731446517
-0.0007092224013988533
-0.0010869763859178425
-0.0012613395223671226
0.00013711089051789295
-0.0005874903065795103
-0.0010879355153292011
-0.0003476227272970749
-0.0011854650661474342
0.0006123175849382307
-0.0010244901681962424
0.0009799925643102989
-0.000652172591893036
-0.0011593603832321868
0.00013707088822370006
0.0010913325189488275
-0.0001723747193329138
-0.0010011317979879962
0.00025896934893054034
0.0009644201643564911
-0.0003401603672685635
-0.0006908738321244714
0.0007525080787158075
0.0010108415585423835
8.81164942947169e-05
-0.0006361103617710946
0.0007825272130632311
0.00034496321950976664
-0.0009406561152060926
-0.0007038836922857724
-0.000707156756897506
0.0009732859052590625
-0.00020637286799311903
0.0008845023337439088
-0.0003852772667859646
5.173798944983888e-05
0.0009548660488274426
0.0009089710582421142
-0.0002574112103884146
0.0008235590515510634
-0.0004330574089305229
0.0009200829659720701
-1.4227411452445243e-05
-0.0006860243240958713
0.0006037120752999989
-0.0005514133618151847
0.0007221334808131064
0.0006395498042565487
0.000637325638264999
0.0006513374712266544
-0.0006144117164430802
2.840657077106516e-05
-0.0008884128752563182
-0.0007226478291307099
0.0005040773419285907
0.0005603103094318471
-0.0006618244190519707
-0.0008643398260119214
4.97561856080821e-05
0.0008326024904377628
-0.00014575315975451044
0.0005292915515050952
0.0006453740127503249
-0.0008310149338425592
4.886171359617733e-05
-0.0008116208128953047
6.642917402748368e-06
-0.0007809227734615966
-0.00022040828176041554
0.0007272395982114967
0.0003565007327615329
0.00013632184512171074
0.0007977830858071713
0.00014509401476437556
-0.0007945971855347944
-0.00020108327878224353
0.0007762441109993964
-0.0005595200236786392
-0.0005505624657575559
-0.0007575942499956483
-0.00017988613634922868
-0.0007744796176747387
-7.94384296764388e-05
0.0004774676623657679
-0.0006030693146575663
-0.00019998257809621223
0.000725871402217013
-0.0005156256982751013
0.0005375724018693926
0.0007022404602351035
-0.0002470195376171566
-0.00045913618667180216
0.0005682439513314408
0.0005420475727437627
-0.00048320342749713006
0.0007193377045275145
4.2348026182825177e-05
0.0005648387034299371
-0.00044128642325342936
-0.0005845071849101685
-0.0004141987491762023
0.0005775630474906554
0.0004216591694193725
-0.0006942676219518821
-0.00017100048996045026
-0.00031135605810797345
0.0006381444538311191
0.0004131201254898407
-0.0005696344565548197
2.9587203240211885e-05
0.0006918794419590536
0.0005326142234546773
-0.00041916683258643426
0.00011146565583479609
-0.0006662361115150153
-0.000415742864564698
-0.0005158628465926476
0.0005716526099142095
0.0003195462632660484
0.0006370296692805911
-0.0001244326744423252
-0.0001276057382761608
0.0006337319677220685
0.0006294969173336932
-0.00013712377908347136
0.0006099493582964567
-0.0001973024474895909
0.00025862063694802453
0.0005864520358286948
-0.000552451865745081
-0.0003117003098608225
-0.00043455045615415044
0.0004505297001117358
-0.0005031393518861777
-0.0003644862984151884
-0.0005033030626614019
-0.0003532399297522402
-0.0005895862206197446
-0.00016931760725692407
-0.00048487444033497366
0.0003743414357059562
-0.0006043950022427843
7.600288258140197e-05
-0.0005857589645914748
-0.000148865894635638
0.00013079609745167227
0.0005894416884105295
-0.00040447556165317824
0.00044353162136511484
0.0005860118800952818
0.00010844790124340243
0.0002455385009183037
0.0005423364438593008
-0.0003380475171114376
-0.0004884938940305033
0.0004375537180689755
0.0003980968481213897
-0.0004837432913306581
-0.00033533846110283297
-0.0005514017661494771
0.00017100889641728258
-0.0004935968296713402
-0.00029899593377273126
-3.8323419386192216e-05
-0.0005757220244468424
0.0005650487954680896
-0.00010721946722757961
-0.0005655734314599501
-0.00010406923993453004
0.0005676493417777576
7.063286586910258e-05
-0.000560288132127868
-8.632533714758285e-05
-0.0003493650807015146
0.0004380270335030346
-2.3123676322677196e-05
-0.0005579148148161456
-0.00018831894794927732
0.000525566636775306
0.000335777870480513
0.00044365025356664774
0.00018251160794005255
0.0005241501908662412
-0.0005531506891517799
2.8497407337837717e-05
0.0004883624996244045
0.0002609410570993063
-0.00048197915532046444
0.00026475210914886734
-0.0001175811066674445
0.0005369758502315815
-0.0005099351863217143
-0.0001991557236474561
2.944090015399206e-06
0.0005431544126747128
0.00023448721157627434
-0.00048299063382928895
-0.0005298288250234706
8.636101619597977e-05
0.0004442546681166808
0.0002938843444654943
0.00033965508897994934
-0.0004087292941164385
-0.0001210773205296197
-0.0005148809638598607
0.00010961055772509103
-0.0005118738542888894
-0.0004820660882194241
-0.00019720013186386737
-0.000195578801839771
0.00047756002888100417
0.0005086623886657647
-6.753282146466214e-05
-0.0001260607038646584
0.0004928611580750632
-0.0004595001345935243
-0.00019762751599127572
-0.00049114211829404
8.312769632808672e-05
0.0001212300601120179
-0.0004825407436804972
0.00018289915424831788
-0.0004615068869012676
0.0003255991149015519
0.00037283368829766917
-4.4622151268538305e-05
0.0004895157118913922
-0.0003148554964806034
0.0003755702753510809
-0.00048624810458279105
2.534071311155468e-05
-0.0002810562905644122
0.0003926631543969322
0.00040992887132123646
-0.0002542896308960498
9.982337043068332e-05
-0.0004699093402167959
-0.00032459996039219254
-0.00035352378485838175
-0.0003922381170226361
-0.0002737486639656641
0.0001711040728780198
-0.00044414615029494617
-0.0002815477281618127
-0.0003804882250934027
0.00046284271964965826
8.548434456767522e-05
-0.0004550918211211468
-9.691850581840375e-05
0.00040008906082857087
0.00023291375636663142
8.209315228855101e-05
0.0004504935923801688
-0.00012288129873883513
0.0004384352810466467
0.0004296679057609782
-0.00015016847002763205
-0.0003241312502234772
-0.0003185393054715261
-0.00020164917562634328
-0.00040684039437077063
-0.0002765469055602191
0.000359229467324565
0.00039129974055831206
-0.00022518209900678559
-0.00015851250593758006
0.00041131497612538855
-0.0002443987054036473
-0.00036278022377609796
-0.00026805492909456175
0.00034452559914875924
-8.65983973223651e-05
0.0004259643603707493
-0.00033176214744913156
0.0002805877215480965
-5.0052175323516245e-05
0.0004302322399186431
0.0003611008259653409
0.00022312830180072824
0.0004138257502208197
6.81343295793202e-05
-0.000384223258774282
0.0001430821191614921
-0.0004067948244788831
4.268883657402875e-05
-6.920842705788174e-06
0.0004080085713746819
0.00040054866391775544
7.698323312107722e-05
-0.00010682286400624955
-0.0003893644337520313
0.0003773644128386156
0.0001432973483371201
-0.0002870184763305922
-0.00028330073867624956
-0.00035910580039993413
0.00016240486006621903
0.00039293190401465383
1.2325068685956987e-05
0.00023758986008297301
0.0003128948241556277
-0.0003766822225708605
-0.00010749330364670784
8.812604262894056e-05
-0.00037964542951573674
0.0002563173106067841
0.00028737036359482087
-0.00013740757803866555
0.0003542210916527211
-0.00031210915692017795
-0.000216611077717983
-0.0003324983087465246
-0.00016362482774477882
-0.00036591878214936997
5.624707214799258e-05
-0.00019658332955652824
0.0003134206554130955
-0.00022971873380104324
-0.0002887933758661348
-0.000291164393056341
0.00021017788471961571
9.138103555268628e-05
-0.00034625225172614705
9.894545337962695e-05
-0.00034027574150581467
9.573154625939537e-05
0.0003410574624346135
0.0003522963648455635
4.775589781661218e-06
0.0003501087470207133
-6.5773053257644975e-06
-9.562779164279045e-05
-0.0003330423708069945
-0.0002537054546900155
-0.00023386749588910424
0.0003392337710799322
-3.737137961842099e-05
0.000293110475244504
-0.00017311477178292778
0.00017633801077035033
0.00028343150163280295
-0.000199090324819558
0.00026367864481524926
-0.0003231398723956594
-6.748283802765542e-05
0.0003209423213667174
7.365334607302887e-05
-0.0003170790874780015
-7.408938686414585e-05
0.0002826260379385795
-0.00016071090297235224
-0.00029622864917341484
-0.00012570737267973863
0.00029691192326370596
-0.00012232841287318708
0.00021720764371643508
0.00023510102101956926
0.00029679211757211625
-0.00011855634151766607
0.00031270783644556484
-6.240856660508418e-05
-0.0003186161434979791
1.0106406710296278e-05
-0.0003177127072008194
1.4647238617559479e-05
-9.206015538105089e-05
-0.00030237211087667863
-0.0003120010925142608
-3.8285040212988474e-05
-0.0002503078216985721
-0.0001881053115141681
3.4127914330906994e-05
0.00031055535456815593
-3.8057957015988536e-05
0.00030881491355225563
0.00030259028160640545
-5.5532699370404196e-05
0.00025782317694014343
0.00016726730966201147
-0.00013214479325099066
-0.0002637986052188943
-0.0002946146463488468
-7.420678681042889e-06
-0.00016971776416168185
-0.00023826083068069444
3.315521804183865e-05
0.00028803377086698194
-3.638690159464558e-05
0.000286996782748681
-1.5469758518268873e-05
-0.00028770823199883677
-0.00026268170321266964
-0.00011799622488470533
0.00012838515897802916
0.0002576083368157578
-0.0002750707465895986
8.315622780246808e-05
0.00027505892302259115
-8.20242708287044e-05
0.00014978749525529258
-0.0002446405372613884
-4.569649079372024e-05
-0.0002814848263228681
-0.00014977566528435625
-0.0002395797228210093
-0.00024530846746921635
0.00013481934333224628
-0.00022069846312792552
0.00016763709019214468
-0.00020645793967133053
0.000181650542160018
0.00022640907268510255
-0.0001556748422866723
0.00027151946341783206
-3.2190945237421235e-05
0.0001918799763098354
-0.0001934586816616161
-6.520644729559958e-05
0.00026201366676307413
-0.0002651866732969921
-4.5089373239630705e-05
-5.032437501184986e-05
-0.0002641779872550109
0.00022632326026472143
-0.00014502854455403726
0.00018909188822833874
0.00018989115428339658
-0.00017657922706016297
-0.00020070215776916053
-0.000190736965613629
0.00018686083276008494
-0.00010099261527378523
-0.0002465013190859081
-0.00024249769210578275
-0.00010949291732142119
-0.00026303354409986
3.889464357617385e-05
-0.00013429779954366271
-0.00022790399044807396
-7.46655355566252e-05
-0.0002505745862904579
-0.00023509744441887903
0.00011144537860386167
-0.00025429955719164014
-5.146298774807448e-05
-0.000250948070715245
-5.764495303387967e-05
0.00011452948147663759
0.00022995515580787463
0.00025545552995541703
-2.377542732168414e-05
-0.0002545475891072738
1.6276035510768525e-05
0.00021759178474451855
0.0001328533034343515
0.0001306481056983813
-0.00021547753040777597
0.00017490265756217358
0.00018000703493743542
-0.00021320754989686037
-0.00013206351736701953
-0.00023955693152159685
-7.300184973149082e-05
9.578842149426854e-05
-0.00023101860998581535
0.00024563068852053815
-4.694898553374557e-05
0.000248511736108246
2.6499817140035935e-05
-0.00024720755511112373
1.284221224042259e-05
-0.0002209548804641817
-0.00010432480694546317
-0.00018066938337001615
0.00016216311318157116
-0.0001157525104370437
0.00021151645949541215
2.747279378222285e-05
0.0002379322747366641
-0.00013420235597903308
0.00019642186340848523
0.00013723748019959646
0.0001943130188644931
-0.00016051575655342238
0.00017388261599218276
-0.00019965783385280235
-0.00012681157390156028
-0.00021339031171653576
9.625857670335125e-05
-0.00023399756983424498
-5.1790567785247325e-06
3.867579142019249e-05
0.00023063649775701065
-9.689157322344318e-05
0.00021274368057552946
0.00016559078993212407
-0.0001648556321242176
-0.00019464701930590276
0.00012791565956192408
0.0002277208498798687
4.157273926106403e-05
-0.00022940019823642998
2.9855781130590066e-05
-0.00023104174560299024
-1.3659339978790153e-06
4.305213630935106e-05
-0.00022633276955133345
0.00022070769445156174
6.509016428175171e-05
9.916582714453493e-05
0.00020675264130365584
-0.00021810596273077443
7.068910049701926e-05
-7.211314592813159e-05
-0.00021762514559780645
-0.0001523216784744222
0.0001708088387182831
7.626092551382222e-05
0.00021445897179941207
-0.00021704156451705258
-6.805868984352995e-05
0.00016070022581003097
-0.00015951882121109016
0.00019987136762145954
-0.00010501257807964854
3.339717206174925e-05
0.00022264604522332442
1.089715271829733e-05
0.00022462623688584616
-0.0001561404213313637
0.00016158622282088503
-0.0001667950846546061
0.00014473852243626124
0.00020844559641631317
-7.030992037998801e-05
0.00021520578021909977
-4.494065080619624e-05
-2.270260288325298e-05
-0.00021756764053254974
-6.03149193289432e-05
-0.00020797050502722236
5.875979035971017e-05
-0.00020706698234902434
-5.844688131549336e-05
-0.00020623607315370274
4.6726476005290576e-05
0.00020905683068196747
-0.0001967970768122366
7.714774632732898e-05
-0.0001977945670597935
7.131837288860722e-05
-0.00020732498504607332
-2.44699400732504e-05
0.00020319281135608457
4.166596980250059e-05
0.00020552489779408905
2.3545754505687948e-05
0.0001392932466537107
-0.00015281411207790336
0.00015671947075130983
0.00013479405153803503
3.0186124489864555e-05
0.00020223207825585527
3.1062773137486346e-05
0.00019833171874389358
0.00014401441010976828
0.000139611617249769
-1.6562010881728927e-05
0.00019781844821789888
-0.00014494848884012668
-0.0001324889983165256
0.00019503587515817456
-2.101179202014822e-05
-0.00017049887039960706
9.700470422354388e-05
-0.00013096281948786712
0.00014292768956953732
0.00017582072446751677
7.74562829115425e-05
0.00018918532135885218
-2.9737370143232857e-05
0.00017153129042209978
-7.65817551109323e-05
0.0001630996871215845
-9.292938245493607e-05
-0.0001790598929193661
5.537694024993778e-05
-8.649592501015836e-05
0.00016603749452273015
-0.00016475801583298343
8.856034017753639e-05
-0.00016744186984801095
8.050271667561498e-05
0.00018475047783573774
4.7884955089182305e-06
0.00016468968810694432
8.344923771932554e-05
-8.807722544617722e-05
-0.00016144246988435026
-4.2044705709456244e-05
-0.00017899645310883944
7.65181747526004e-05
-0.00016627946899537633
-0.00018028830456137153
-3.071174787141778e-05
0.00011908105889252346
0.0001371785216007166
0.00018064042894863405
-7.215627736384053e-06
-0.00015178770433813603
9.613462600868494e-05
0.00017238845179726308
-4.8852878548206304e-05
-1.3001990807754757e-05
0.0001779977990917653
-0.00015271568776555741
-9.212498565245011e-05
-0.00017723408402092088
6.610308765950812e-06
-9.156223648759162e-06
0.00017605174409387775
0.00017612844293749455
-6.297932713427531e-06
8.148953000983514e-05
-0.0001549009493634834
-0.00015614293420812114
-7.661062322844746e-05
-0.0001536084884435006
-7.754485121859927e-05
0.00016808329669124695
3.490213357911548e-05
-9.545971798454464e-05
0.00014253558136540366
-0.00016521719645511102
-4.1570021776307086e-05
-0.0001620639274483226
-5.1637874565231806e-05
0.00015671383627362799
-6.476946315400944e-05
-0.00016496970143682675
3.792205299447385e-05
4.084882179285457e-05
-0.0001634172771275665
-1.3611441782170834e-05
0.00016784445922938328
-2.9397873581661016e-05
-0.00016571706292170524
-0.00016731247092093221
3.170763169737731e-06
0.00015872071819289385
5.283600923494061e-05
-0.00013107276399367985
0.00010389451868350957
-7.811691849719132e-05
0.00014737246176051123
-0.00015107483520613235
7.004341779231242e-05
-9.371592652420826e-05
0.00013693333252735217
-3.115255462139033e-06
0.0001632959432986551
0.00013836563570225518
-8.605616770884982e-05
1.6077303809005482e-05
0.00016213646167577563
-5.105216560976678e-05
0.00015461063599329412
-0.0001600506848932174
2.8478357356601536e-05
-8.09609913346008e-05
-0.00014077797378399314
9.799922507962258e-06
-0.0001595991092919047
-9.459950821328301e-05
-0.00012859394154222337
0.00011157332898859534
-0.00011379494906560905
5.0886669803814924e-05
0.0001509003346898999
-0.00015849853187706865
-4.976577799645721e-06
3.642838071229351e-05
-0.00015401753782204292
2.604156466859821e-05
0.0001514531103717245
-7.202996811399037e-05
0.00013377731163312012
-0.00015187572651251385
-3.3770139365202347e-06
8.0699761313303e-05
0.00012823206448140412
-1.8100154127902945e-05
0.00014997955987202904
-0.00013438921861991737
6.338671016927017e-05
-3.5719837076360065e-05
-0.00014290101559578065
0.00014443371038362675
1.001206762954987e-05
-8.098595760435867e-05
-0.00011972897477014954
-5.12943821383125e-05
-0.00013492949616234994
-6.0484964217285855e-05
0.00012916563129617342
-0.00012964682615083505
-5.793905520319747e-05
5.984029074029208e-05
-0.00012830872760708915
1.0213943107509893e-06
0.00013935967144938273
7.580281598133798e-05
0.00011572407566469426
-2.3650965340497597e-05
-0.00013592380887609981
1.787885483420254e-05
0.00013606086392520248
0.0001025462813651666
-9.109288394082009e-05
-0.0001325119346300888
-2.4895914551685967e-05
-4.2860883347790144e-05
-0.00012721579278339584
-1.4489368013815514e-05
-0.00013294636387385127
7.503028170181623e-05
0.00011069663464596482
0.00012097606444466154
5.525477205128348e-05
-0.00013230286885578302
-5.5708652590285016e-06
-0.00011901732402958709
-5.7846405184007326e-05
-2.8510346962674737e-05
0.00012896927316861784
-7.973352688489577e-05
0.00010527048604283352
-7.214599960563639e-05
0.00010939948074374905
9.289361165596623e-06
0.00012971859898533049
7.148765563180238e-05
0.00010789139192165237
-3.9502790226910453e-05
-0.00012211993661583457
-0.0001129336403412128
6.077380786479013e-05
-7.86821041521475e-05
0.00010113818785139443
-0.00012241555863709447
-3.665985289523266e-05
7.676845479708084e-05
0.0001015349632141811
-4.364377472299895e-05
0.0001190564183024454
-0.00010713624589675841
-6.691467027675058e-05
-0.00011941584812932788
3.690393171725008e-05
0.00010652728885662043
6.328240619958079e-05
0.00011980582824131923
2.773519204849454e-05
5.3582677555323394e-05
0.00011016028820744428
-1.4067084715443893e-05
0.00012134371337666492
4.094936474415639e-06
-0.00012154460730303126
-0.00010794503244756158
-5.563278136427737e-05
-9.162433778248227e-05
7.84656508886712e-05
0.00010798388969607055
5.1407668860061e-05
-1.8846467832159153e-05
0.00011622998785777196
7.316092314420806e-05
9.160743132504123e-05
0.00011652635363827134
-4.6222959324697245e-06
0.00011540051336724017
1.6200611588521347e-05
-5.626835241877498e-05
-0.00010112216372494804
-9.891204387561822e-05
6.004161981683082e-05
-0.00011492652951926851
-1.160858577492796e-05
-3.086387970768012e-05
-0.00010982063671809905
-0.00011026542383891344
-8.831365114809225e-06
0.00011060681956725571
-1.1085404915583964e-06
2.2248941553308642e-05
0.00010818861021325452
-8.97080230029671e-05
-6.009744191734695e-05
3.0181990027300583e-05
-0.00010303878113396842
0.00010078810103529825
3.2929326013577756e-05
-9.253634591044488e-05
5.1417086883279846e-05
-5.726498199098062e-05
-8.713847110696395e-05
0.00010021720237016286
2.4632951079758132e-05
-1.745965508948552e-05
0.00010134374767650683
6.102238296674296e-06
0.00010151618681807568
-7.656064568809523e-05
6.66027216457381e-05
-9.340392773023558e-05
3.9506481263306765e-05
4.944156360480939e-05
8.853780246342802e-05
1.7810064400131346e-05
9.954970404455827e-05
9.07049545184796e-05
4.3295046619247916e-05
6.311714666888462e-05
-7.809583829984465e-05
2.2216455235573253e-05
9.715930466863648e-05
-2.9894783104531198e-05
-9.477132541705138e-05
-5.8372795482097256e-05
8.02479649173857e-05
-3.1087155595762365e-05
9.410501302738883e-05
-9.353401598146474e-05
-3.156347205688311e-05
-9.602396665353002e-05
2.256244303450104e-05
6.459899459037854e-05
-7.238249662524909e-05
8.303933383987996e-05
4.711261448139216e-05
9.346012222502744e-05
1.930998966827721e-05
5.776769087927963e-05
7.56794253190129e-05
9.42447365644703e-05
1.3205458795874925e-05
-9.173829237072418e-05
1.8617148880953886e-05
-8.554258451760633e-05
-3.763772878764336e-05
9.242417034520201e-05
1.324247028076589e-05
-8.243526891351866e-05
-4.335730986202992e-05
-1.105096424285626e-05
9.181162088338139e-05
9.39445376014053e-06
9.088650850226965e-05
3.577809403431156e-05
8.341308197716435e-05
3.664319130972186e-05
-8.056780329800486e-05
-6.666633063444105e-05
5.784512019465948e-05
-7.406489974276792e-05
4.607379330070907e-05
7.24039162428392e-05
4.655459796445706e-05
-8.428804964632488e-05
1.714246115431127e-05
-3.986512628032299e-05
7.59313896374951e-05
3.9084454267956205e-05
7.519388566711225e-05
5.199299543649402e-05
6.679606101378917e-05
8.278512696814807e-05
-1.4620987853487949e-05
2.6169918706763662e-05
7.909275044947775e-05
-2.0346654837472168e-05
-7.955715857772345e-05
-6.331018790829148e-05
-5.165657834657973e-05
1.9034084804385476e-05
7.902493339869695e-05
-7.608949307945979e-05
-2.5210476784816886e-05
6.996209166095636e-05
3.874024761259639e-05
-6.643006583920475e-05
-4.2050854084971325e-05
4.026504841042955e-05
-6.726403614762622e-05
3.528553430550259e-05
-6.955237852457902e-05
-7.539389445343902e-05
1.964494379221312e-05
3.833901559619847e-05
-6.725964679679656e-05
-1.543993252644555e-05
7.568504124759564e-05
-5.5140703564140416e-05
5.407117816026006e-05
-7.503057563631363e-05
-1.5573066818821355e-05
7.549929187396645e-05
-7.370836572883732e-06
6.914232609176559e-05
-3.087898233815037e-05
6.718819689831124e-06
7.507875364562711e-05
2.3664104401781127e-05
-7.155493762779524e-05
4.2534402655577896e-05
-6.210321635281449e-05
-2.9247543934314836e-05
-6.896733451739709e-05
-7.332460662479718e-05
1.4550380839409987e-05
3.1570921647805564e-05
6.761342152456823e-05
-3.515832643597312e-05
6.514637836008393e-05
-7.280285303252084e-05
-2.7112747242764025e-06
-4.9506717286900066e-05
5.336889551640581e-05
-4.291526391344174e-05
5.7938091693631264e-05
-2.7652230669380466e-05
-6.65745692053543e-05
-2.8951762050283923e-05
-6.426860344926011e-05
6.920760885849864e-05
-1.3832003677320958e-06
-3.852465072727318e-05
-5.7426935800828154e-05
6.707739581609782e-05
-1.79370724338207e-06
-6.057242056348603e-05
-2.3069613914178973e-05
6.244797669577647e-06
6.360859208666816e-05
-5.69255029698058e-05
-2.8445760432870392e-05
5.126217968196462e-05
3.7127965962701624e-05
-6.290777639954729e-05
-5.304800457630876e-07
-2.1453982653623903e-05
-5.908656306806268e-05
-1.1279566501859447e-05
6.153429780339426e-05
-4.605145031067606e-05
4.1878164985684695e-05
-5.0917017445383375e-05
-3.5228046635958904e-05
3.2543987083114495e-05
-5.170923407184785e-05
4.5435640485265106e-05
-4.034225793207353e-05
-1.915105455236324e-05
-5.74632467419007e-05
-6.015831929356099e-05
-1.6701506843019853e-07
2.3173752094220262e-05
-5.521291815909675e-05
5.870434563790777e-05
7.235503817447225e-07
-1.7871836214166327e-05
-5.5913737659601945e-05
4.497787640605383e-05
-3.60217783037625e-05
-4.8855474418414715e-05
3.0419698706562637e-05
3.9239568498877356e-05
4.1995280642319165e-05
-5.128571005005446e-05
2.129972684283038e-05
-1.5587016205156346e-05
5.2043359203667776e-05
5.192725933907905e-05
1.585184378373741e-05
-5.371264584480004e-05
6.45763774403002e-06
4.9729550106857864e-05
-1.9479156105526347e-05
1.9607768995163477e-05
4.946883637380939e-05
4.3986954357743286e-05
-2.9141283396892746e-05
2.7506051772516735e-05
-4.438388164026721e-05
-3.270661294598332e-05
4.019358811342979e-05
4.5673418963926345e-05
-2.37541804317621e-05
-3.94790649273018e-05
3.2107640501720214e-05
3.7389910701953523e-05
3.224844577176789e-05
-3.2870235061420173e-06
-4.840256966541498e-05
4.78521846496319e-05
-7.290477424041417e-06
-4.7639419852362345e-05
-7.266110134732606e-06
4.8019362291073507e-05
1.5356327455713913e-06
2.7974871604359285e-05
3.880171541780242e-05
3.682116462163208e-05
3.047415578330781e-05
3.6534839729396843e-05
3.0082158931386902e-05
-2.8496340354244977e-05
3.544124953362729e-05
1.4625136204451383e-05
-4.246555182215549e-05
4.463346226472337e-05
-4.48112999720679e-06
3.316892438370977e-05
-2.9952039677671905e-05
2.0362746951087418e-05
3.951108120122587e-05
1.1909466944858282e-05
-4.2177129283317124e-05
-2.9673725999836338e-05
3.202282171879568e-05
-4.647922701502254e-06
-4.279874748476728e-05
2.981695900131763e-05
-3.051900128392927e-05
4.6105683944499124e-06
-4.221872090325034e-05
1.4809627362851435e-05
3.9716487691221754e-05
2.115530774356661e-05
-3.663846207928224e-05
1.4510216598241809e-05
3.950630499067152e-05
-3.466748752999696e-05
-2.3820742549425345e-05
-2.007562070577049e-05
-3.629122126663051e-05
4.380641682752817e-06
-4.115119579237561e-05
4.134676202159318e-05
-1.0485174661778452e-06
-1.992219130763584e-05
3.5932873454811945e-05
2.7534798420615847e-05
3.0476843642220893e-05
-7.40905167432665e-07
4.08913325424603e-05
-3.662787183751719e-05
1.7560306212394848e-05
-1.288454894907265e-05
3.833661007460162e-05
-2.3729052306050747e-07
4.0385997437978634e-05
-3.876229984392096e-05
1.0687338382278755e-05
-4.886603035304193e-06
-3.9814593434354325e-05
1.116947747229341e-05
3.8040770200756805e-05
2.0587398156726665e-05
-3.34377551946064e-05
-2.2124009590898663e-05
3.175719214660627e-05
-9.536544275966675e-06
-3.7497828391255566e-05
-2.0520312661150893e-05
3.25532859612184e-05
3.747490647805304e-05
-8.3923985845743e-06
1.2029648558689265e-05
3.629459626493528e-05
-4.274696779468346e-06
-3.778705116121765e-05
3.5588109787238476e-05
1.2105167723951344e-05
3.6075742469267866e-05
1.042012943501941e-05
8.233518804187767e-06
-3.557804058009778e-05
1.3770852568876114e-05
3.316567507286439e-05
-3.5584982961791095e-05
-8.883427405583094e-07
-3.524414784404918e-05
-4.162091381878868e-06
-3.217327028753983e-05
1.4198807336187217e-05
-1.8263385820286547e-06
3.4948776367917605e-05
9.210373305982223e-06
-3.3563864497922396e-05
-2.170443945790615e-05
2.686476520948151e-05
-1.822043292517422e-05
2.929597797503951e-05
3.436177631932888e-05
-2.9599031575904266e-06
-2.1587772839661955e-05
-2.629641433385943e-05
1.854602419935869e-05
2.8308131601998478e-05
6.120724837186356e-06
3.29360866364794e-05
-8.196003025982945e-06
-3.207843475623019e-05
3.022540324862391e-05
-1.3156073813625838e-05
-2.4486827247912555e-05
2.1837694096506044e-05
8.149880739193344e-06
3.1601265354293834e-05
1.4906174486618462e-05
2.900004551044122e-05
-6.877937414309948e-06
3.159721090687892e-05
6.322371050674923e-06
-3.136931082508529e-05
-5.389357984145179e-06
3.127581803704782e-05
-2.223108373863507e-05
-2.2392054016614503e-05
3.036227283784565e-05
7.909778086238328e-06
6.962904847893608e-06
3.057323564245357e-05
-3.030179913486207e-05
-6.527935631673747e-06
-3.0026180179344664e-05
6.868279708141592e-06
-2.9009352129415287e-05
1.0299438276290345e-05
2.8794417865047593e-05
-1.0840958184214211e-05
2.6870736299090202e-05
-1.435391723496457e-05
-8.740050553749362e-07
3.0436331650152306e-05
2.1970430241946197e-05
2.0559544020557248e-05
1.244616638903663e-05
-2.7173373937701237e-05
-1.3705507210151624e-06
-2.9474069245777057e-05
2.8857359017314275e-05
5.21431615874135e-06
-2.1666572233144166e-05
1.940255358928058e-05
-1.6165125487142551e-06
-2.9007824896891576e-05
-2.4463736302926808e-05
1.5544847672307766e-05
8.872911071755752e-06
-2.7166042718178628e-05
2.5359637267949916e-05
-1.30612172162647e-05
2.5819647355203254e-05
-1.2079948709741079e-05
2.1732099393499126e-05
1.837438182299926e-05
2.6555335471772038e-05
9.710705720127234e-06
2.532078172249322e-05
-1.1161564981088779e-05
-2.4511548505898094e-05
1.2787963721178287e-05
9.787525766508098e-08
-2.76336208933458e-05
-7.77146151758009e-06
2.6222771199694268e-05
2.634144688007914e-05
-6.424697380350897e-06
-6.071629383476718e-06
2.640205963930081e-05
8.062740690464199e-06
2.5758740756816085e-05
-1.3691279464529472e-05
2.2872824192426727e-05
-1.5864811347614306e-05
2.11944707469007e-05
9.3057182106318e-06
-2.4238595609526367e-05
-4.132447938852868e-06
-2.546236253560312e-05
-2.4643151975898836e-05
7.409055462667763e-06
-1.0336806378037217e-05
-2.3506964445387358e-05
-1.9932463157631627e-05
-1.5262569999868276e-05
2.411121868986038e-05
-6.3057535494457915e-06
-2.4660295383866517e-05
-2.5045182919890553e-06
-2.3718409575195413e-05
-5.603243306582523e-06
-2.291990582599113e-05
-6.827262136589463e-06
-1.6296705384149902e-05
1.7173694048313592e-05
-1.0218610521753518e-05
-2.1227757835996063e-05
-1.8861979883246837e-05
-1.4006917625897452e-05
-1.922548380421695e-05
1.3205171559412365e-05
2.0137451423162296e-05
1.0581044566562532e-05
2.315829329075092e-06
-2.2246000064508166e-05
-2.1549006089315202e-05
5.820430171959101e-06
1.5160383621315999e-05
-1.6294061087108875e-05
2.111757473590858e-05
-7.011036769706991e-06
-2.2070077943662155e-05
-2.4018847817450506e-06
5.138705169294266e-06
-2.1570641419986354e-05
-2.069749046843561e-05
7.953160484530104e-06
7.231835547612125e-06
-2.0902386580234133e-05
1.5775809568604748e-06
-2.203866032015369e-05
2.1626821010120477e-05
3.0046857735353953e-06
1.1150478821283394e-05
1.862911421518948e-05
-2.436562120529784e-06
-2.153951486044843e-05
1.2199878567022288e-05
-1.755233762565861e-05
1.8128969761829697e-05
1.1285795901982281e-05
-2.3659722998104202e-06
-2.103251314356429e-05
-1.9668720950377707e-05
-7.485556538716409e-06
2.037589002639631e-05
5.031143620850067e-06
1.6265374888871365e-05
-1.3134742713067151e-05
1.4981350087852924e-05
-1.410034924274975e-05
1.7741743393075686e-05
-1.0334396837032273e-05
-1.9295041137493376e-05
6.983763117546199e-06
-1.1888425745684772e-05
-1.6277630044603393e-05
1.5513155391865762e-05
-1.2752732758551557e-05
-1.6475028744522584e-05
1.075642667810673e-05
-1.2138550397193574e-05
-1.548481832653283e-05
3.650206045942017e-07
-1.9072602817347546e-05
7.709729161569979e-06
-1.712613830419868e-05
-1.8705692632611904e-05
1.0143763057570144e-06
1.5172103320631847e-05
-1.0620520695466387e-05
-8.908355339901086e-06
-1.6227781275901798e-05
-1.824220635303392e-05
2.934833122699515e-06
-1.6000113891834985e-05
8.970969875855391e-06
8.853659158559088e-06
1.5852789742961616e-05
1.7581077017033874e-05
-4.293551116325844e-06
-1.7755216186033124e-05
-3.3505906641722037e-06
-1.413672781283129e-05
-1.1219994097080272e-05
-1.6633744680637885e-05
-5.769611210203862e-06
5.285818962408761e-06
1.6682921683795732e-05
-2.7160553370952635e-06
1.7176913566886802e-05
-1.0443922689688912e-05
1.3858225192271621e-05
-4.743176145132477e-07
-1.7282303300996197e-05
-9.48423692334295e-06
-1.443734842919303e-05
-1.1578952584712851e-05
-1.2714462577670989e-05
-9.711116560230632e-06
1.3778642722802186e-05
-5.138337175989549e-06
1.6016456723322303e-05
1.4937350941788468e-05
-7.73124485905824e-06
-1.4525380593169795e-05
-8.228288608374795e-06
-1.2218923864311893e-05
-1.1131132911401276e-05
2.3305208624113116e-06
1.617067233492486e-05
-5.464452924437313e-06
1.5290008475530357e-05
1.3629664437141392e-05
8.134626364403208e-06
1.5471522140989623e-05
-2.186675035753635e-06
1.2640099232344382e-05
9.073929244674297e-06
1.5502258230403103e-05
-1.233231053733904e-06
1.1028733382208278e-05
-1.0935211363107932e-05
1.2093983861505759e-05
9.4745557672056e-06
1.4030150800514435e-05
6.1458460713017805e-06
-3.399521633264874e-06
-1.4881603332594251e-05
-1.3305776203645785e-05
7.480165054900345e-06
3.535635137310145e-06
1.4762488436538935e-05
1.1513199335333624e-05
-9.87773666792624e-06
1.2701750489015062e-05
7.930001929783548e-06
-1.4637940953330209e-05
-2.8119432533335597e-06
6.274583226540232e-06
-1.3407150142549417e-05
7.955889901563457e-07
-1.471548154769331e-05
-1.2122856838475694e-05
8.326369262772526e-06
-8.389622776115844e-06
-1.178935908578832e-05
4.182193441357535e-06
-1.380060556627416e-05
-1.1492513402127341e-05
-8.468012085903947e-06
1.0760277513358327e-05
-9.153153523542273e-06
-1.986497818997901e-07
-1.4047981839555274e-05
1.3741253543675224e-05
-2.4514073650884343e-06
-1.3478041295756804e-05
3.3930722117886947e-06
-9.396334415743974e-06
-1.0069325587989928e-05
1.1623443975800507e-05
7.2675494074463386e-06
7.771581877793614e-06
1.119179208524887e-05
1.3477060458386703e-05
-1.8917758760874544e-06
-1.0846854600349489e-05
-7.948754152765914e-06
-7.91431968529796e-06
-1.0832168475554897e-05
-1.0900360175175816e-05
7.708532883375863e-06
-7.5348324111677026e-06
-1.0983515424576512e-05
4.341024418678952e-06
-1.238829314570572e-05
-1.0296419274120117e-05
-8.069063533675313e-06
1.2539978804980618e-05
3.576871041606422e-06
-5.826671027341412e-06
1.1656450164872879e-05
3.6365657504985603e-06
-1.2471321548570252e-05
6.5994850135053244e-06
-1.1187757974166181e-05
-3.929097662435079e-06
-1.2327393211670561e-05
5.931326986863606e-06
-1.1479820642040672e-05
-4.697979044240186e-06
-1.1961073325556792e-05
-1.2467515243709388e-05
2.927062413375703e-06
-8.059483430043118e-06
-9.890539817543342e-06
9.032424942719414e-06
8.94350642237987e-06
1.184812030780319e-05
-4.501196072980218e-06
-8.844369583551643e-06
9.039269389437221e-06
-9.942707228757009e-06
-7.756326202766672e-06
6.3000862721511244e-06
1.085024666226858e-05
-1.2467148368319747e-05
7.936907113937908e-07
-1.2404674043228869e-05
-1.1552854192676543e-06
2.3650896993492876e-06
-1.21304599414922e-05
-7.098258045257433e-06
-1.0049821525004526e-05
-2.956089609130609e-06
1.1815446136602904e-05
-1.064595209722774e-05
5.842798200624832e-06
4.183900550420283e-06
1.1320136621521649e-05
2.422046078421461e-06
-1.1700307451353129e-05
-1.1622102155858593e-05
-2.712198349262708e-06
-5.67556973483424e-06
-1.0483169696918551e-05
-2.057599147886481e-06
1.1545260561016513e-05
3.804915388098018e-06
-1.1062433247783888e-05
1.7682916599197213e-06
-1.1556550014244892e-05
6.78757485424919e-06
9.515831803268204e-06
-1.1405489698507964e-05
2.522020750694881e-06
8.321961171093685e-06
8.009888359869037e-06
1.1451982666410121e-05
1.4537558978456321e-06
-9.440895782059384e-06
6.5965688547833526e-06
-9.65691163495525e-06
6.263460250724169e-06
-8.201798063818765e-06
-8.041040346428968e-06
-1.0988385721661497e-05
-3.2935384648311584e-06
1.9384475969691507e-07
-1.1355651136059998e-05
6.489415826414498e-06
-9.295055904738502e-06
-8.621249799621048e-06
7.275195287289746e-06
-1.1258881584854718e-05
4.768031433072806e-07
5.927407148545942e-06
-9.502706074705852e-06
-1.116540698045624e-05
-4.052456054868259e-07
-1.1049665839449676e-05
1.589845020442099e-06
6.503471536446287e-06
9.039147572668465e-06
-8.4360796751497e-06
7.14549963313793e-06
-8.666528255555472e-06
6.8438069306907545e-06
8.124293109666989e-06
7.363724652334369e-06
-8.789396571547436e-06
-6.406197085031196e-06
-6.301895124734003e-06
8.835521925352335e-06
-1.045505792933632e-05
2.835258543552044e-06
-1.055142046330948e-05
2.0286315059611077e-06
5.990630166783917e-07
1.0643840655953974e-05
-8.7266303265007e-06
6.082805858911522e-06
8.778934683948413e-06
-6.002736959282107e-06
8.067794190752209e-06
-6.910881353050236e-06
3.3831266218373875e-06
9.934168833342138e-06
-5.878443927947507e-06
-8.681951774729253e-06
-4.509754076021293e-06
9.260455746392108e-06
1.09296251553246e-06
1.0146903448789519e-05
5.74314938655892e-06
-8.42460830784355e-06
-8.023608892587908e-06
6.259949468982118e-06
-9.98927773876158e-06
-1.4410409423303711e-06
4.299496461476669e-06
9.114632166312649e-06
-9.268186827323333e-06
3.929480538217067e-06
-1.0050196576291754e-05
4.868925454828403e-07
9.323904846150754e-06
3.477578550978244e-06
9.849908340139657e-06
4.891608835548289e-07
1.1992654893074052e-06
9.735435251582464e-06
7.514308450232904e-06
-6.184416120788155e-06
-6.487775981822041e-06
7.242965812805924e-06
2.6650988389576023e-07
-9.641686832326829e-06
-6.917599601755966e-06
-6.667782744783316e-06
5.011949547265471e-06
-8.04009229509961e-06
-1.674561251343909e-06
9.317570093616758e-06
-8.833277406236628e-06
-3.2902565726191693e-06
5.7486186144327655e-06
-7.3916084157238864e-06
1.1538184611330354e-06
-9.276300474338846e-06
1.3826632892444125e-06
9.166776944960376e-06
-2.5957227036343953e-06
8.870104984888716e-06
-9.166046741348625e-06
2.0080536537042672e-09
-9.122459785375709e-06
-1.434740367269871e-07
7.353675337316956e-06
5.340857980730788e-06
-9.739851926601033e-07
-8.952900508569598e-06
-7.158898761462002e-06
5.138555591602205e-06
-7.929059163824686e-06
3.3784433001456914e-06
-4.811185589654945e-06
-7.103874180308974e-06
-3.0448334675701184e-06
-8.021207405359165e-06
-3.6478045066081765e-06
-7.662141478604723e-06
-6.698123031323156e-06
5.08736689426801e-06
8.307890521697836e-06
-4.118236601579062e-07
-7.524947346647437e-06
-3.5324550226889518e-06
1.3906258925612016e-07
8.292792973544107e-06
6.758640772498513e-06
-4.625912396573985e-06
6.806735536877079e-06
-4.535103981817168e-06
7.97721130474163e-06
1.6676292277596274e-06
8.138479124850542e-06
-9.507555239613234e-08
4.034397328859393e-06
7.013450289343456e-06
7.368342248966545e-06
-3.1544640046337754e-06
-6.306291923400449e-06
-4.815633941487257e-06
-7.775147163524454e-06
-1.41805041505505e-06
1.7127318133292047e-06
-7.647671930667954e-06
6.268056080993984e-07
7.754920669077465e-06
-6.637705710704711e-06
4.04200178644433e-06
-3.696331528613081e-06
-6.7780380733826265e-06
5.218921673926014e-06
-5.578296994286247e-06
-5.6071860596809e-07
-7.503469916442129e-06
3.788654921088874e-07
7.5142609272442695e-06
-7.381638776130018e-06
-1.443122631152316e-06
7.210541332025589e-08
7.517089161395873e-06
-2.251952343562541e-06
7.0138351681183036e-06
5.879943200296175e-06
4.3906620431077365e-06
4.04503113765331e-06
6.11141056750647e-06
-7.2865698976643764e-06
-7.060601195924971e-07
-4.683579231480162e-06
5.613592812472396e-06
5.959028785527724e-06
4.071887572902698e-06
-7.184995214864908e-06
-5.830990611951893e-07
5.450875653293607e-06
4.715612460240492e-06
-4.221629072121314e-06
-5.788412016859007e-06
-5.8254371088815145e-06
-4.1072659796654375e-06
-5.073268621919688e-06
4.98332674727121e-06
-1.49532427825938e-06
-6.934332452832634e-06
-5.462838157234931e-06
4.485823912595638e-06
-6.865144510543268e-06
-1.5675572872758115e-06
-4.7320631292180334e-06
-5.15257723125449e-06
-5.995401912123573e-06
-3.4738537585128764e-06
3.410428801012e-07
6.8639980992866095e-06
-7.846428106952908e-08
-6.853831030720237e-06
-6.426972792713759e-06
2.2945065377320826e-06
-6.456481702639985e-06
-2.0768426196061362e-06
-5.6014996244775385e-06
3.708277110979853e-06
2.9552391990435024e-06
-6.017836286330056e-06
3.8670956937289084e-06
-5.462633043258294e-06
2.594674110747708e-06
-6.142272317204434e-06
-5.978158854747189e-06
-2.753512738227548e-06
5.891320821700019e-06
2.8900513405151415e-06
3.0074102168035357e-06
-5.827957657376981e-06
-6.459136271939449e-06
-3.295744201944062e-07
-6.432039036657768e-06
-5.7501058294405497e-08
-5.290816080343818e-06
-3.508187595860468e-06
5.510117316482212e-06
2.773013530508535e-06
-5.667400725298935e-06
2.3798783543937974e-06
1.5975745775889013e-06
5.899025166390196e-06
-3.275504478135738e-07
6.050768561142505e-06
-5.72134388753321e-06
-1.9583975762708856e-06
2.4383672515689814e-06
5.526643479831918e-06
5.204739417712378e-06
-2.9190678269497837e-06
-3.835288786623467e-06
-4.547682987945413e-06
-3.9133925305048845e-06
4.4791864233415455e-06
-5.039172198380258e-06
3.1506747900493308e-06
-9.568468002698963e-07
5.80332023765398e-06
-5.0858744663469966e-06
-2.91857649608601e-06
1.8418781951648408e-06
5.4628769930632375e-06
-3.173143015602273e-07
5.75093566415108e-06
-5.096292929594764e-06
2.565068994085467e-06
-5.328269442233899e-06
1.8641979635225029e-06
5.501680543201444e-06
-1.1730903424423644e-06
2.766135954843077e-06
-4.800057386963736e-06
-4.967488436467219e-06
-2.4114091428923816e-06
-4.043734943077588e-06
3.6705986683767157e-06
-5.3924692957604185e-06
6.803313077252266e-07
5.090916478094704e-06
-1.8220686650328721e-06
3.8377917616811974e-06
3.695928123960874e-06
-4.871974689321865e-06
1.7584441909991865e-06
-4.8966164070614325e-06
1.487681183160651e-06
1.0131659100983612e-06
5.0083362014623626e-06
-1.7208785485713085e-07
5.103767625558463e-06
-3.1466855416872095e-06
4.004903786271053e-06
6.56235951909917e-07
5.0473902044415665e-06
4.402244131991293e-06
2.5495457629704017e-06
-5.000149817175854e-06
1.3730393498284644e-07
-4.0664549198762696e-06
2.8388991921218115e-06
-3.6898983950655085e-06
-3.2739455746285065e-06
-4.668347622106904e-06
1.5925963354364252e-06
3.1754210277604724e-06
3.7378375282729036e-06
-2.1369077225311376e-06
4.39923400345979e-06
-4.867913621463466e-06
4.5572878038127943e-07
-3.1387100879459727e-06
-3.740814506048906e-06
4.814843778672015e-06
-6.942816443313154e-07
-1.9530474765007134e-06
-4.442418446132107e-06
-4.102263058183612e-06
2.5119816519008143e-06
-4.113762831701839e-06
2.4336535137586166e-06
1.5078280534767068e-06
-4.525574642463805e-06
4.683339475557047e-06
-7.689099792692281e-07
-3.573192247278781e-06
3.025883984679137e-06
-4.143700832161884e-06
2.174622689385022e-06
2.460269289578404e-06
-3.952753344623846e-06
-4.048085050277192e-06
2.2959994589930518e-06
-2.8973844244717802e-06
3.6408263924310267e-06
-4.37201966364292e-06
-1.5470383610424223e-06
4.451889206561546e-06
1.2405529502157038e-06
4.429959675544465e-06
-1.224262610579785e-06
-1.7172414653962437e-06
-4.2457122383023454e-06
-7.836556256315738e-07
4.498741430734112e-06
-3.5264253006356827e-06
2.900811032940931e-06
-3.4328747297956984e-06
3.009192884311864e-06
1.4524665496155608e-06
4.3145107085042695e-06
-4.083091240939078e-06
1.859073175951312e-06
1.5991690201068025e-06
4.164130969541109e-06
-3.7940133622243744e-06
-2.212276863286695e-06
-2.2993977319153702e-07
-4.374978375598479e-06
-1.9435325975508574e-06
3.91057359000322e-06
-1.196597269172317e-06
4.151285188598752e-06
2.3081025969604596e-06
3.58444257603896e-06
8.863408857583723e-07
4.146401856671547e-06
-1.7805111610171739e-06
3.847223727807527e-06
-1.1866150234144876e-07
4.233406726405056e-06
2.8739349155262085e-06
3.0705150080471906e-06
-3.036172628364253e-07
-4.165207343669292e-06
4.049838856228116e-06
-7.271105189123606e-07
-1.8082005587792341e-06
3.673944197844961e-06
1.890233142929701e-06
3.584665796046216e-06
2.1733868851699055e-06
3.41910564465967e-06
-2.3149487064274864e-06
-3.195372763269991e-06
-3.775850170353784e-06
1.1099084473995823e-06
-3.783279395299839e-06
1.0669268772350236e-06
3.902136376245258e-06
-4.127428997016125e-07
-3.357035017197349e-06
-1.9305751742850903e-06
-1.0962508702021674e-06
-3.7010496562210683e-06
-3.842562186285666e-06
5.366574522680523e-08
-2.9158193695610763e-06
-2.4826043210638414e-06
-9.751767461110978e-07
-3.686724912882659e-06
2.7679198657459825e-06
2.5104884030766327e-06
-3.5996515628231427e-06
-8.543765554923886e-07
-1.678599045733406e-06
3.2467422814742297e-06
1.3089530915322226e-06
-3.388060270690857e-06
-3.640838949730205e-07
3.589020519024537e-06
6.863922260244085e-07
3.5382526581998893e-06
-2.501926947930575e-06
2.5050432859289134e-06
-8.365380347233504e-07
-3.4223325896743583e-06
-3.4026990728925585e-06
-6.291807711653747e-07
1.6317673881963147e-07
3.4218339349580405e-06
-2.1964538985479853e-06
2.6133656927944287e-06
-2.8711779061191337e-06
1.8398713217494395e-06
5.289240640260484e-08
-3.3884285048546987e-06
-3.3740995862913073e-06
-2.3840449339321626e-07
2.907825000724361e-06
1.6902543761842178e-06
1.3122915910371292e-07
-3.3347303883295743e-06
2.6678123098652397e-06
1.989902855930127e-06
-2.1487609464646616e-06
2.4813029799821764e-06
-3.170380779248307e-06
-6.38942211184379e-07
2.3539744476652224e-06
2.1758992899010894e-06
8.675831497313435e-07
-3.075297989124162e-06
-1.808688514158479e-06
2.6307149094554063e-06
-1.1258461010490933e-06
-2.952838991436859e-06
2.4022814766621693e-06
-2.0213625481161036e-06
-2.3048776601914887e-06
-2.130118468187232e-06
-2.8607166010261517e-06
-1.207221151051263e-06
-2.2479236921089116e-06
-2.1400076923869075e-06
2.620192606698608e-06
-1.5561579518274977e-06
9.02992396204727e-07
-2.88311889988474e-06
2.278339847234606e-06
-1.9725030266740383e-06
-1.932390803757712e-06
-2.2616112433335263e-06
-2.5687980815355395e-06
1.4810576977470833e-06
-2.698043957965107e-06
1.211939073869156e-06
-9.723915229466855e-07
-2.7689818991480133e-06
-2.788924686030373e-06
-7.306985627843349e-07
1.225211898823953e-06
2.5246306977392656e-06
2.756948839178243e-06
-4.5324645592798724e-07
-1.8970781235566823e-06
-2.036074386714989e-06
-9.266111493187456e-07
2.621569902373659e-06
-9.256642977384863e-07
-2.60040438464261e-06
1.0881881761395287e-06
2.471878677275767e-06
2.162077860206682e-06
1.472109035805965e-06
-2.4601145727036306e-06
-3.5494534865241484e-07
1.2042100493943705e-06
-2.1491907726268816e-06
-2.455190864205793e-06
1.696792471587022e-07
1.3950069727390151e-06
1.9930798100674436e-06
1.2476867983554837e-06
2.0177377605721385e-06
1.5238484280889754e-06
-1.7977242463528276e-06
-8.377845750992472e-07
-2.1828531012883244e-06
2.089942597581086e-06
-1.0271519255212157e-06
1.5105322317366943e-06
-1.7675711084114143e-06
-5.806336457564489e-07
2.2497918867922655e-06
-1.4205327279546432e-06
1.8031626604592191e-06
1.0490558071725164e-06
1.9977518806200134e-06
1.8258156862842254e-06
1.277601637288045e-06
-1.951155183203046e-06
-1.005311297597955e-06
2.0868748031309704e-06
6.211252396265028e-07
1.7912145066601159e-06
1.1377786872166888e-06
-1.1422961539700183e-06
1.758086318220827e-06
7.296340798184087e-07
-1.8803637706664425e-06
1.5436598872888111e-06
1.291550358162391e-06
-1.907674623433806e-06
1.9414837848774277e-07
1.5309813340033535e-06
-1.1149185218258945e-06
9.631783769912806e-07
1.5867259442246792e-06
9.248098250870668e-07
-1.549235254775544e-06
-1.6573509587174407e-06
6.097499681848583e-07
-9.807747579341177e-07
-1.3934881405492234e-06
-4.008690499122946e-08
-1.688855428460756e-06
1.6840752293270089e-06
3.2456883399811786e-09
-1.0883139291360395e-06
1.2827190500159764e-06
-1.6631345610382108e-06
1.7379881508301516e-07
-1.4283401354754192e-06
-8.050389616004461e-07
9.154612211542939e-07
-1.2254564057582045e-06
-8.995682943859739e-07
1.231816292346491e-06
0.000676423568199
0.000578476979704
0.000592198604561
0.000492095189611
0.000492615751437
0.000480828752472
0.00039535311941
0.000329920311136
0.000427421178409
0.000541503181338
0.000555194572449
0.000569281681216
0.000536146626548
0.000529143839413
0.000617046938393
0.000547187474865
0.000456940113446
0.00054946021122
0.00051333376084
0.000571058935724
0.000491655826871
0.000355735342457
0.0004664099962
0.000392732627067
0.000572911849798
0.000557452433565
0.000435788960958
0.000530402163153
0.000535083657133
0.000635987343096
0.000523865114548
0.00037803355169
0.000469890234403
0.000864514560183
0.000465091551651
0.000483889948396
0.000518197581464
0.000620540260627
0.000415512264823
0.000551292629103
0.00014618218126
0.000445754454673
0.000740903535461
0.000412582854094
0.00049860464076
0.000480870360092
0.000673552367108
0.000446562079055
0.000551226846948
0.000470326883206
0.000441758559699
0.000462953657884
0.00049086625313
0.000448249108651
0.000491455053187
0.00040540917262
0.000508512757686
0.000458923674833
0.000398619832025
0.000473370673476
0.000574767132289
0.000428026336122
0.00039251694473
0.000499756537105
0.000526803050785
0.000518642489152
0.000561017635217
0.000481780389389
0.000431189785218
0.000370744834552
0.000457638591826
0.000463559875784
0.000337997477301
0.000417584276866
0.000409057917262
0.000578978108752
0.000458061634394
0.000477037142105
0.00038863887902
0.000580585318024
0.000742859455454
0.000568245457861
0.000501370515955
0.000412096873335
0.000435671373477
0.000311260165651
0.00042594612872
0.000350207511273
0.000398720367014
0.000411484702428
0.000439530242574
0.000489321578007
0.000453753880045
0.000380910787392
0.000626068279344
0.000381432591257
0.000408677623806
0.000335091375248
0.000421242005063
0.000392067887188
0.000593195500175
0.000462214148757
0.000610850085738
0.000375270477871
0.000394229842652
0.000257241291352
0.000246432996981
0.000539713294655
0.000460239903105
0.000446359347311
0.000338845828371
0.000381539727553
0.000426113336723
0.000610893339495
0.000314927487057
0.000432915546313
0.000426145817911
0.000381670341774
0.000502058140634
0.00044797105068
0.000491081937801
0.000457715723597
0.000421983098238
0.000483238997791
0.000397287855288
0.000367256736341
0.000704922315618
0.000394296657057
0.000429210456661
0.00051380892892
0.00044885372766
0.000430366927344
0.000404908155588
0.00041059670792
0.000334719167284
0.000430528138658
0.000312396878682
0.00049674860239
0.000407596196913
0.000440733061483
0.000463311269689
0.00035701565339
0.000477492771525
0.000419317701175
0.000350015196506
0.000382755766426
0.000447323180689
0.0003587491558
0.000347938345611
0.000406124312865
0.000398690239645
0.00051677359892
0.000373229845287
0.000510375915965
0.000385296485635
0.000389130185842
0.000453392933691
0.000350410044637
0.000365386617259
0.000371973248638
0.000409472286176
0.000354938878128
0.000452306378824
0.000399492093601
0.00029413227672
0.000362664432334
0.00041896798312
0.000402953191455
0.0003523996145
0.000639786905454
0.000545791122084
0.000336080324897
0.000351450518582
0.000512257423808
0.000359390389578
0.000431982399502
0.000303316257808
0.000472319540588
0.000296840711476
0.000391417214195
0.000344124662472
0.000353134745039
0.000293945258314
0.000458378401725
0.000546389759438
0.000360384348219
0.000389506520589
0.000464045461654
0.000535948936892
0.000370083299419
0.000332046255801
0.000374228335786
0.000363710081515
0.000503094433169
0.00033956800713
0.00039037783018
0.000390627909287
0.000397281113678
0.000358151802776
0.000514228675305
0.000375220967253
0.000418043592898
0.000336130222619
0.000291777500829
0.000321047411038
0.000620407950515
0.000427500290285
0.000383229592075
0.000359510475524
0.00021032394324
0.000400192009725
0.000399978481711
0.000377112687177
0.000288006502953
0.000397761729121
0.000309726708234
0.000561596289087
0.000282319095502
0.000560263071735
0.000318797091906
0.000454697931053
0.000356415000427
0.000285328522709
0.0003925682815
0.000707282010551
0.000422343978627
0.000436281743558
0.000485257022213
0.000266718563702
0.000387822081768
0.00048613138818
0.000285491827384
0.000381929963227
0.000277856227517
0.000322426176842
0.000525782250615
0.000642100860471
0.000693735733634
0.000515018001603
0.000314672917216
0.000440049346843
0.000551464242564
0.00040534176173
0.000380831258422
0.000258563763512
0.000498614529174
0.000281975308435
0.000389231252837
0.000339094797885
0.000507750504131
0.000359476673132
0.000262163178061
0.000510426475219
0.000537979590363
0.000453078582887
0.000367680841678
0.000427192314269
0.000478627499559
0.00033334223354
0.000620550448632
0.000329342177623
0.00050670914625
0.000287444003115
0.000394197227828
0.000487390829043
0.00045060954455
0.000445217370639
0.000453713736392
0.00041016750086
0.000333352541189
0.000298507355496
0.000344133377334
0.000337066416136
0.000545175246339
0.000468136547107
0.000262855969102
0.000466906220144
0.000565436346428
0.000477031272286
0.000478027039348
0.000477587155721
0.000322009099105
0.000299857224641
0.00053283398321
0.000488740005199
0.000330716411333
0.000412541876597
0.000325140960754
0.000494956131847
0.000404245280673
0.000352038426287
0.000276809473231
0.000446983407301
0.000369026837508
0.000297702450447
0.000343367459333
0.00035653835177
0.000365888146551
0.000252941839759
0.000275410468049
0.000272963478887
0.000317043856669
0.000342217467745
0.000387692312778
0.000357499576555
0.000382058335695
0.000309367781462
0.000341299758771
0.000317502963742
0.000284612933325
0.000326179578171
0.000477452966945
0.000314593656426
0.000312647138939
0.000414327205837
0.000464210287623
0.000529424037409
0.000393788394367
0.000484733034707
0.000676459813018
0.000590754808981
0.000381510998104
0.000397661747354
0.000461385158154
0.000267174169331
0.000636193983157
0.000175151724692
0.000444482203214
0.000340284107433
0.00037022054074
0.000412747757581
0.000241520147939
0.000253730738437
0.000380045242862
0.000395591915881
0.000329073791815
0.000401434389748
0.000342256015313
0.000496513770247
0.00026878538162
0.00055469923723
0.000460091787908
0.000558379215079
0.000341177720881
0.00045003891444
0.000337754288112
0.000204725309349
0.000272354322667
0.000273022885706
0.000453954588622
0.000249104590319
0.000563196186447
0.000234632202045
0.000273659183703
0.000274317822708
0.000320661711376
0.00025560861208
0.000379637295128
0.000487068621875
0.000555328555379
0.000231504462983
0.000296375955516
0.000349199971433
0.000418777161721
0.000274346649071
0.000355127992775
0.00044103633015
0.00035228691463
0.000353387049247
0.000329141225223
0.000300123264826
0.000290030902554
0.000295410842273
0.000647604968177
0.000403766656452
0.00043192338363
0.000393520038361
0.000457673166919
0.000371966031132
0.000507481751377
0.000479372091637
0.000344908726948
0.000235033306655
0.000455272237005
0.000506145473647
0.000322197124332
0.000431711973754
0.000345185072286
0.000359033879346
0.000424449733461
0.000346600124289
0.00046572323679
0.000203584876339
0.000364001365726
0.000285567898881
0.000211846452712
0.000501816084234
8.13417863818e-05
0.00025417516094
0.000500659504437
0.000334795923093
0.000494162515326
0.000404911253927
0.000274096011101
0.000416696023038
0.00035632089887
0.00029686228195
0.000223634744074
0.000242358666176
0.000276664709078
0.000314309853116
0.000292005656235
0.000351922215801
0.000277649488526
0.000443352669185
0.000319706121844
0.000273381687432
0.00042288300979
0.000181330472012
0.000437607412007
0.000349614784718
0.000189629452838
0.000390861878951
0.000463893600433
0.000518644641057
0.000163710308201
0.000284285669567
0.000240860174647
0.000182802862378
0.000252493381905
0.000263541805587
0.000417115943118
0.000272356370999
0.000234617469383
0.000517020053191
0.000268116096606
0.000288957656999
0.000329428041139
0.000244173823906
0.000198053098771
0.000329870171777
0.000393426672631
0.00045312960834
0.000622482541974
0.000208011362351
0.000239078134704
0.000277229742855
0.000258454487297
0.000243540078446
8.69832814695e-05
0.000180125604596
0.000370474338277
0.000136268499066
0.000348325756883
0.000294802592044
0.000407716618998
0.000363352403297
0.000525957735014
0.000367023045582
0.000231363468066
8.0991903746e-05
0.000480694456064
0.000317445799665
0.000383068647232
0.000331545598694
0.000439582707341
0.000279541612116
0.000246194473785
6.20490101672e-05
0.000415693059382
0.000325238912319
0.000454367125259
0.000447423321002
0.000507445808772
0.000366666415356
0.000459927585208
0.000225446675229
0.000304864982966
0.000649705632949
0.000349268561056
0.000387478439681
0.000385944713742
0.000397990195806
5.07448153579e-05
0.000510071956306
0.000515025930029
0.000482597563509
0.000389943610352
0.000319135428615
0.00035152975195
0.000215736065445
0.000429576510693
0.000370206639175
0.000485131030447
0.000260832050902
0.000308254116098
0.000321686945748
0.000321825280269
0.000208130785522
0.000400487997416
0.000436463365399
0.000503446768592
0.000479750784544
0.000441602926117
7.37446647561e-05
0.000164903267818
0.000241897901783
0.000463310169902
0.000425275183474
0.00029723597048
0.000445501530041
0.000436354413074
0.000319798898248
0.000444384098176
0.000420371394206
0.000362723586496
0.000300223994291
0.000308126728548
0.000477862072047
0.000262828631959
0.000385999566559
0.000274778897539
0.000358582145725
0.000346049570178
0.000113940048104
0.000520690321978
0.000302395446353
0.00032945929646
0.000524088871943
0.00038854963458
0.00046698666028
0.000386379654389
0.000338275111658
0.000392791109043
0.000466572903049
0.000334695354938
0.000285496828058
0.000394108577261
0.000426113253261
0.000466574127942
0.000441772717902
0.000260264523371
0.000511312991922
0.000488660925412
0.000325004774462
0.000281953078973
0.000654288552385
0.000334723726256
0.000424741312386
0.000212568676903
0.000298542050474
0.000508531243298
0.0002421872646
0.000611364328516
0.0003641112688
0.000115785893386
0.000132869497785
0.000324272351862
0.000343463688119
0.000411072636416
0.000324672114546
0.000201253172837
0.000241437967459
0.000437242920129
0.000510035186079
0.000338411601372
0.000159637786173
0.000421358571594
0.000402043194839
0.000281597017539
0.000383666431041
0.000517942205184
0.000367518553816
0.000313425168994
0.000433144753975
0.000360301893774
0.000307435864592
0.000305947960412
0.000276471347367
0.000369871785078
0.000342095101427
0.000296377999356
0.000367526656649
0.000155060311676
0.000532062154365
0.000199217072879
0.000354290315613
0.000308972943723
0.000542430974872
0.000376817400612
0.000284248800654
0.000353996164073
0.000334252463489
0.000315768544146
0.000314803929852
0.000446679325103
0.000437792101441
0.000323021385765
0.000572974714081
1.73417067971e-05
0.000325467465469
0.000346667654842
0.000449625459005
0.000243105274823
0.000337939893727
0.00046134419251
0.000382715516235
9.96137331943e-05
0.000543196396042
0.00017114457715
0.000460307738033
0.000382873354013
0.000366385536641
0.000337862565242
0.000199717714899
0.000377145952029
0.000366241184864
0.000476981151652
0.000156860611294
0.000364686963738
0.000506312195246
0.000380200420257
0.000187978222647
0.000188118497948
0.000323391182542
0.000282983305352
0.000409171970628
0.000208020230088
0.000394648381733
0.000392030056874
0.000363479897913
0.000418955488857
0.000332741106387
0.00036241274842
0.000198158978364
0.000406923276883
0.000323015927284
0.00030707559841
0.000328675057443
0.000336867897074
0.000310395968455
0.000314741112275
0.000467761963528
0.000362812216016
0.000360039691995
0.000339769245807
0.000270683576662
0.000284652152318
0.000340312058917
0.000389055955488
0.0003689599804
0.000171173415013
0.00037262969552
0.000428642595149
0.000341960538078
0.000401757543427
0.000409636288896
0.000402370883683
0.000468488668083
0.00037757249678
0.00040479379525
0.000309518382149
0.000282401886675
0.00026736916521
0.00030406465736
0.000304781750951
0.000384665998268
0.000360369067797
0.000270748017099
0.000224425856879
0.000367453618913
0.000382213713364
0.000322557050086
0.00038446444453
0.000367332441711
0.000428251810233
0.000321957690301
0.000457174754686
0.000269279461414
0.000238844303638
0.000275159991904
0.000381882087971
0.000395364084574
0.000498411550138
0.000326180280757
0.000197811231278
0.000195593061154
0.000367122379954
0.000328995120327
0.000312516005121
0.000487900536278
0.00035792969227
0.000298797621103
0.000309528657402
0.000300560791244
0.000283570586356
0.000339784807286
0.000344902057804
0.000353906288362
0.000272697573368
0.000419493478265
0.000360823442324
0.000330041289524
0.00032691034207
0.000362744764232
0.000282907521932
0.000360629050541
0.000347306152537
0.000292577229545
0.000421985431767
0.000276550624786
0.00031974912468
0.000200513043101
0.000291788829524
0.000262361109158
0.000291202456045
0.000179924156656
0.000280533817027
0.000426503152303
0.000269223426495
0.000384637170863
0.000429043218806
0.000281652509321
0.000431350937961
0.000245271162715
0.000251816678604
0.000315624345277
0.000266351845405
0.00025364219375
0.000371824137531
0.000294813753733
0.000324889872093
0.000298797417983
0.000287000166224
0.00030687112298
0.000424850813318
0.000229781282308
0.000224741546126
0.000254889672423
0.000140219391909
0.000132400713629
0.000345157710964
0.000395050395571
0.000392303666456
0.000343044084277
0.000255598874818
0.000323258156891
0.000222502733528
0.000319160924807
0.000344725268666
0.000420067951997
0.000301726254471
0.000399281415033
0.000284809539071
0.000396104063252
0.000190116842898
0.000352873423989
0.00036991329143
0.000372702363543
0.000277584797879
0.000376338078506
0.000451843455989
0.000399415640432
0.000262456707622
0.000386856129875
0.000264470521893
0.000186477123193
0.000286537862924
0.0003307549739
0.000240619759469
0.000416959739327
0.01
0.000235567807564
0.000302511549267
0.000470185245484
0.000239731310744
0.000311091616245
0.000325067618192
0.000302565344177
0.000295519349306
0.000338863878125
3.99283551263e-05
0.00024565915667
0.000242194818763
0.00027447718607
0.00018265234247
0.000248883246278
0.000251720064389
0.000398572644309
0.000279490047725
0.000402208677664
0.000406222136145
0.000342867834869
0.000293112891578
0.000158231302337
0.000397942366293
0.00021711417664
0.000199489185938
0.000284843177285
0.000338269644642
0.00038183343873
0.000292399853755
0.00023614057494
0.00028006970792
0.000287410098998
0.000288722437468
0.000243557600635
0.000239748738419
0.000309754912502
0.000294674227043
0.000313927260086
0.000260089085341
0.000426034367348
0.000291612069536
0.000202080271737
0.000384220138229
0.000213866220039
0.000293808464427
0.0002535539518
0.000224861437374
0.000258461569139
0.000349830612504
0.000329470245249
0.000266949693692
0.000245027939043
0.000246868759089
0.000435307059205
0.000337367938981
0.000307242000144
0.000253495013699
0.000245789087667
0.000226859686733
0.000369488792834
0.000240007509405
0.000449854537179
0.000241291196693
0.000205587706483
0.000294143770334
0.000240576340575
0.00035380520518
0.000173806277699
0.000298193806391
0.000124145082828
0.000268295577917
0.000276316706938
0.000295932332732
0.000306399614412
0.000369350624088
0.000252082594931
0.000185131128649
0.000288918206739
0.000282121073421
0.000282992109561
0.000215547780911
0.000216030685734
0.000251877546681
0.000311026348257
0.000313086490679
0.000201010724335
0.000218533739176
0.00029421152733
0.000171152655359
0.000321204224337
0.000154514654403
0.000239834513267
0.000165499348704
0.000270243286044
0.000211185080715
0.000265482335348
0.000195089556296
0.000442996022053
0.000211431618338
0.000304745958963
0.000216314124737
0.000171917640196
0.000277460367054
0.000303733738624
0.000322392980663
0.000314990956478
0.000218368826833
0.000180421038043
0.000203506814975
0.000187658321856
0.000223779156837
0.000249502098075
0.000423802890414
0.000224820184506
0.000277891070652
0.000217688794633
0.00023133410441
0.000322255820503
0.000216170721184
0.000321300738862
0.00027654566798
0.000242429926117
0.000218453521552
0.00016669687346
0.00023241440104
0.000237086472768
0.000323861024417
0.000380115041295
0.000216775163194
0.000146833188381
0.000200460124404
0.00018301913779
0.000190035453369
0.00011564313013
0.000134840773521
0.000259436473051
0.000261675071317
0.0001908843656
0.00019772117918
0.00017646859255
0.000136285659324
0.000256390780047
0.000295566707965
0.000215019204932
0.000156174998594
0.00032392983472
0.000188853294996
0.000247305116757
0.000132924493871
0.00030353070788
0.000240107566865
0.000211164757507
0.000167061710416
0.000311163001639
0.000217801702145
0.000184297918666
0.000196047125705
0.000120102481883
0.000218208965948
0.000208612134369
0.000171257702769
0.000191083064555
0.000285396980828
0.000180953649672
0.000178309310588
0.000300704530521
0.000112291128845
0.000166652066638
0.000132922750999
0.000185184528464
0.000192293413425
0.000137825517992
0.000181254498213
0.000206707593115
0.00021026808426
0.000164921531007
0.000261588754549
0.000172704195748
0.000160445141142
0.000155774872127
0.000224652609479
0.000157890101473
0.000158746442952
0.000122115211953
0.000262814344369
0.000151093820387
9.33677758587e-05
0.000215822993274
0.000158353491865
0.000203878624076
0.000157130488214
0.0002097336837
0.000132654648435
0.00016356784247
0.000213652468138
0.000147234823843
0.000154823604531
0.000139854956045
0.000237191968495
0.000231413144055
0.000143533682856
8.6737413996e-05
0.000127799057184
0.000108538813938
0.000149245402237
0.000121474577103
0.000166786699046
0.000115440430177
0.000165827818499
0.000108432659874
6.55202131743e-05
0.000157857004679
7.70053467528e-05
9.93291484561e-05
0.000135775325061
0.000172872950501
0.000107546187424
0.000252867511707
0.000209659884508
0.000127748802155
0.000108617345002
0.000125947659406
0.000219565067787
0.000106380840133
0.000127697080914
4.41075962818e-05
0.000167302000839
8.61452547215e-05
5.390708756e-05
7.58357918301e-05
9.86959282717e-05
0.000146965824608
1.61648974002e-05
0.000162146079569
0.000143623588697
0.000111981086893
0.000100915425359
4.15298816574e-05
0.000106410990916
9.65329583732e-05
5.31238193394e-05
0.000103519507564
8.50548765685e-05
3.99052156049e-05
8.59112967471e-05
3.55752464628e-05
0.000166881383015
0.000119149691153
0.000160624163679
0.000167833679334
5.88775992556e-05
0
