0.0274889357189
0.0526216769476
0.0699004365424
0.0557632696012
0.0683296402156
0.0361283155163
0.0424115008235
0.0384845100065
0.0667588438888
0.0479092879672
0.0510508806208
0.0589048622548
0.0753982236862
0.0212057504117
0.109170344712
0.102101761242
0.106028752059
0.0824668071567
0.0895353906273
0.0918915851175
0.191637151869
0.193993346359
0.156294234516
0.183783170235
0.382488905575
0.135873882268
0.0942477796077
0.480663675999
0.347931386385
0.175143790438
0.517577389679
0.220696883915
0.524645973149
0.138230076758
0.263893782902
0.236404847183
0.428041999052
0.161006623496
0.0973893722613
0.214413698608
0.475165888855
0.376991118431
0.523075176823
0.177499984928
0.307090681888
0.150796447372
0.841161432999
0.0777544181763
0.320442450666
0.153938040026
0.384845100065
0.158650429006
0.226980069222
0.861581785247
0.761050820332
0.00942477796077
0.288241125967
0.553705705195
0.653451271947
0.69115038379
0.134303085941
0.723351708489
0.344789793731
0.449247749463
0.709214541548
0.669159235215
0.197134939013
0.662876049907
0.504225620901
0.64952428113
0.180641577581
0.41390483211
0.651095077456
0.677798615012
0.73042029196
0.505796417228
0.569413668463
0.472024296202
0.145298660229
0.800320728502
0.275674755353
0.672300827868
0.340862802914
0.48537606498
0.410763239457
0.0141371669412
0.173572994111
0.817599488097
0.483019870489
0.907134878724
0.548993316215
0.358926960673
0.462599518241
0.789325154214
0.86001098892
0.889856119129
0.357356164346
0.436681378849
0.225409272895
0.240331838
0.479092879672
0.592190215202
0.163362817987
0.00706858347058
0.397411470679
0.262322986575
0.380918109248
0.217555291261
0.424115008235
0.373064127614
0.530929158457
0.551349510705
0.2081305133
0.259181393921
0.32594023781
0.36756634047
0.512865000699
0.299236700254
0.940121601587
0.751626042371
0.863937979737
0.77204639462
0.545851723561
0.786968959724
0.317300858013
0.764977811149
0.360497756999
0.773617190946
0.132732289614
0.783041968907
1.06499990957
0.230907060039
0.332223423117
0.807389311973
0.273318560862
0.920486647502
0.116238928183
0.749269847881
0.579623844587
0.446891554973
0.431183591705
0.229336263712
0.960541953835
0.65894905909
0.812101700953
0.707643745221
0.571769862953
0.73984506992
0.457101731097
0.93855080526
0.803462321156
0.501869426411
0.615752160104
0.900851693417
1.02808619589
0.304734487398
0.558418094176
0.314159265359
0.283528736986
0.234834050856
0.815243293607
0.835663645855
0.770475598293
0.742986662574
0.329867228627
0.965254342815
0.97546451894
0.467311907221
0.351858377202
0.911847267704
0.699004365424
1.26292024674
0.844303025652
0.768119403803
0.248185819634
1.07835167834
0.589834020711
0.967610537306
1.13961273509
0.89928089709
0.724922504816
0.16886060513
0.955829564855
1.36423660982
0.647953484803
0.823882673404
0.455530934771
0.874933554025
0.717068523182
1.32967909063
1.10898220672
0.655022068273
0.998241065678
0.914203462195
0.390342887209
0.970752129959
1.06971229855
0.734347282777
0.756338431352
1.03279858487
0.995099473025
0.561559686829
0.684081800319
0.793252145031
0.600829594999
0.29138271862
0.644811892149
0.118595122673
0.442179165993
0.642455697659
0.93619461077
1.33203528512
0.925199036482
1.08777645631
0.439037573339
1.35559723002
0.980962306083
1.30925873838
0.538783140091
1.22757732939
0.948760981384
0.267035375555
0.336150413934
0.200276531666
0.852157007286
0.45317474028
1.00923663997
1.03515477936
0.873362757698
0.256039801268
1.04850654814
0.490873852123
1.06342911324
0.98253310241
0.355785368019
1.01630522344
0.252112810451
1.3689489988
1.00295345466
0.606327382143
1.29512157144
0.310232274542
0.629889327045
0.435110582522
1.2660618394
0.973893722613
0.703716754404
0.714712328692
0.387201294555
1.0257300014
1.05557513161
0.796393737685
0.977035315266
0.831736655038
0.697433569097
1.19616140285
1.38151536942
0.20577431881
1.10662601223
0.916559656685
0.934623814443
1.37130519329
0.440608369666
1.32496670165
1.0964158361
1.18045343959
0.364424747816
0.728849495633
1.00452425099
0.611825169287
0.958971157508
0.839590636672
0.279601746169
1.45141580596
1.1286171608
0.951117175874
1.07442468753
0.516006593352
0.918915851175
0.622035345411
0.245829625143
1.49539810311
1.32261050716
1.31082953471
0.962898148325
1.33517687778
0.926769832809
0.426471202725
0.635387114189
0.128019900634
0.488517657633
0.527787565803
1.39172554554
1.13490034611
0.941692397914
0.36285395149
0.537212343764
1.3540264337
0.370707933124
0.582765437241
0.586692428058
0.405265452313
1.39329634187
1.43413704636
0.421758813744
0.625962336228
1.05714592793
0.893783109946
0.598473400509
1.14196892958
0.460243323751
0.392699081699
1.00138265833
0.20341812432
0.94326319424
1.20872777347
1.44670341698
1.41057510146
1.2252211349
1.11762158651
0.639314105006
0.295309709437
0.827024266058
0.534856149274
0.865508776064
0.541139334581
1.14982291121
1.12076317917
1.45455739861
1.39800873085
1.39015474921
1.07678088202
1.35088484104
1.56372774332
1.25349546878
0.879645943005
1.08620565998
1.1136945957
1.46869456555
1.17495565244
1.10112822508
0.720995513999
0.496371639267
1.30768794206
0.574911455607
1.1780972451
0.7767587836
0.805818515646
0.990387084044
0.578053048261
0.903207887907
0.418617221091
0.758694625842
1.2896237843
1.3862277584
1.16553087448
1.23857290368
1.41371669412
1.01237823262
0.73277648645
1.03986716834
0.856083998103
1.12547556815
0.695077374607
0.603971187653
0.929126027299
0.499513231921
1.05400433528
1.24249989449
0.882787535659
1.53545340944
0.9848892969
1.4184290831
0.270962366372
1.20087379183
0.780685774417
1.15532069836
0.121736715327
1.1372565406
1.31946891451
1.43806403718
1.08384946549
1.43178085187
1.25035387613
1.28176980266
1.44277642616
1.55430296536
1.14511052223
1.2982631641
0.520718982333
1.54959057638
1.46319677841
1.33753307227
1.16238928183
0.28195794066
1.29119458063
0.402123859659
0.923628240155
1.7058848109
1.10269902141
1.37680298044
1.48990031596
1.20401538449
1.26134945042
1.54723438189
1.00766584364
1.42392687024
1.01944681609
1.28019900634
1.16867246714
1.69017684763
1.15767689285
1.60142685517
1.64226755966
1.42078527759
1.46162598208
1.41607288861
1.69253304212
1.56922553047
1.57079632679
1.81819674827
1.22050874592
0.885143730149
1.21579635694
1.58493349374
1.69488923661
1.32810829431
1.4569135931
1.09170344712
1.57393791945
1.18516582857
1.45926978759
0.953473370365
1.18830742122
1.51346226087
1.06028752059
0.988030889554
1.55901535434
1.28412599715
1.57865030843
1.69803082927
1.63048658721
0.212057504117
1.23228971837
1.66425870824
1.65090693946
1.18359503224
0.594546409692
1.74044233009
1.26998883021
0.745342857064
0.946404786894
1.1930198102
1.52524323332
0.869435766881
1.69646003294
0.979391509757
0.508938009882
1.30219015491
1.54409278924
1.59357287353
1.28726758981
1.15296450387
1.65247773579
1.22993352388
0.619679150921
1.82133834092
1.59592906802
1.21186936612
1.71530958886
0.905564082397
1.5063936774
0.493230046614
1.61163703129
1.53231181679
1.61320782762
1.64697994864
1.90459054624
1.25663706144
1.40036492534
1.57236712312
1.79542020153
1.60692464231
1.77264365479
1.7852100254
1.27391582103
1.6328427817
0.848230016469
1.90694674073
1.54095119659
1.58336269741
1.23543131102
1.83311931337
1.77735604377
1.24485608898
0.82074108075
1.57629411394
1.40272111983
1.69960162559
1.59200207721
1.480475538
1.59985605884
1.62184720742
1.58886048455
1.68075206967
1.47340695453
1.682322866
1.75850648785
1.5385950021
1.50874987189
1.89123877746
1.40586271248
1.72630516315
1.71059719988
1.64933614313
1.88102860134
1.49382730678
1.78285383091
1.04457955732
1.13332954978
1.82840692439
1.44513262065
1.720807376
1.63598437436
1.83783170235
1.86217904542
1.75379409887
1.52367243699
1.48440252882
1.50403748291
1.47576314902
1.34067466492
1.63991136517
1.081493271
1.89359497195
2.01376089095
1.51896004801
1.96506620482
1.67289808804
2.0899445128
1.80955736847
1.68467906049
1.95092903788
1.34774324839
2.17241131996
2.08837371647
1.562156947
2.14727857873
1.67839587518
1.70352861641
2.01533168728
1.85903745276
1.83547550786
1.8260507299
1.47811934351
1.31397112736
1.58100650292
2.10643787423
1.89752196277
1.34381625757
1.82369453541
1.802488785
1.97527638094
1.85118347113
1.94150425992
2.08287592933
1.78756621989
1.6092808368
1.22286494041
1.91322992604
1.24799768164
1.360309619
1.70824100539
2.33970112876
2.09151530913
2.08444672566
1.91951311134
1.42706846289
1.76714586764
1.98548655707
0.931482221789
2.15984494934
1.78128303459
1.8496126748
1.88338479583
2.12842902281
1.95407063053
1.74594011723
2.02711265973
1.60456844782
1.65561932844
2.10408167974
1.84018789684
2.11115026321
1.13175875346
2.00904850197
2.06088478075
1.93600647277
1.94464585257
1.98391576074
1.91715691685
1.63441357803
1.39643793452
1.81584055377
1.86532063807
1.04222336283
1.02337380691
1.96349540849
1.99962372401
1.66111711559
1.7702874603
1.88652638848
2.01140469646
2.11507725403
1.97998876992
1.98862814972
2.45986704776
2.19204627404
2.12450203199
1.98155956625
1.99412593687
1.79070781255
2.32949095264
1.961139214
1.89595116644
2.07266575321
1.66740030089
2.34284272141
1.61556402211
2.27686927569
2.13549760628
2.10015468892
2.21953520976
2.04439141932
1.99098434421
2.07580734586
2.16691353281
2.29179184079
1.93207948196
2.16220114383
1.73337374662
2.13785380077
1.84332948949
2.15356176404
2.16455733832
1.76243347866
1.87945780501
1.76478967315
2.0255418634
1.66975649538
1.50089589025
2.48578518715
1.62734499456
1.86846223072
2.14178079158
1.61949101293
2.09465690178
1.65797552293
2.15827415302
1.72473436682
2.0019799185
2.49049757613
2.47636040919
2.04674761381
1.84568568398
2.24466795099
2.34441351774
2.081305133
2.66171437575
2.29414803528
2.30514360957
2.39310820387
2.31770998019
2.38525422224
2.0663825679
2.35619449019
2.13392680995
1.46633837106
3.04027629051
2.15591795853
2.89262143579
2.29650422977
2.89497763028
1.67525428253
2.35855068468
2.38918121306
2.40567457449
2.1307852173
2.04124982667
2.31221219304
2.0491038083
2.4826435945
0.887499924639
2.48421439083
2.06324097525
2.45436926062
1.6886060513
2.28786484998
2.51720111369
3.1156745142
2.28236706283
2.52505509532
2.47321881654
2.40253298183
2.8431413515
1.97292018645
1.96899319564
2.25566352528
2.45751085327
2.23524317303
1.99805292768
2.57374978145
2.39939138918
2.97116125213
2.03025425238
2.21089582996
2.643650218
2.26822989589
2.35226749938
3.10075194909
2.23210158038
2.29964582243
1.9784179736
2.30828520223
2.59102854105
2.05303079912
2.71826304352
2.71669224719
3.13609486645
2.02240027075
2.20853963547
2.19047547772
1.80563037765
2.33420334162
2.64129402351
2.19754406119
2.90597320457
1.80798657214
2.41038696347
2.88947984314
2.62401526391
3.1219576995
3.05676965194
3.09918115277
2.18576308874
1.72866135764
2.30278741508
2.90911479722
3.11253292154
2.37582944428
2.36169227734
2.17084052363
2.75439135903
2.32634935998
2.60123871717
1.74986710805
3.01357275296
2.48028740001
2.34676971223
1.80013259051
2.46300864041
2.33263254529
3.03870549418
2.22581839507
2.57610597594
3.13373867196
2.44887147347
2.43394890837
2.50070775226
2.32320776733
2.25409272895
2.5062055394
1.87474541603
2.66014357943
2.66407057024
2.22817458956
2.99001080805
2.23053078405
2.51563031736
2.75124976638
2.74732277556
2.71512145086
3.0190705401
3.09682495828
3.02142673459
2.28550865549
2.84942453681
3.08425858766
2.82350639741
1.85511046194
2.96959045581
2.20068565384
2.78423648924
3.10467893991
2.60595110615
2.00590690932
2.67663694086
3.0104311603
2.27137148855
2.42923651939
2.36797546264
2.92482276049
2.74418118291
2.97430284479
1.51189146454
3.05362805929
2.5792475686
2.62008827309
2.78973427639
2.82115020292
2.20382724649
2.90204621375
1.79777639602
2.86199090742
3.02299753092
2.59966792085
2.57139358696
2.51091792838
2.84785374048
1.92815249114
2.70648207107
2.58631615207
2.93581833478
2.31613918386
2.69313030229
2.95388249254
3.08661478215
2.92325196417
2.1457077824
2.27529847936
2.60830730064
2.70098428392
2.41667014877
2.1951878667
2.8989046211
2.54233385492
2.70412587658
2.76460153516
2.58945774472
2.67192455188
2.94131612192
2.99786478969
2.17712370894
2.71276525637
2.46929182572
2.68606171882
2.92089576968
2.79209047088
2.11821884668
2.72140463617
2.62558606024
2.95231169621
3.08268779133
3.03163691071
2.58474535574
2.55804181819
2.523484299
2.81879400843
2.02082947442
2.95859488152
3.08975637481
2.37190245346
2.26508830324
3.12981168114
3.01749974377
2.62794225473
2.22346220058
3.0921125693
2.74182498842
3.13216787563
2.15199096771
2.53133828063
1.56765473414
3.03477850337
2.65386039412
2.41509935245
2.68998870964
2.99315240071
2.64679181065
2.8580639166
2.4182409451
2.25880511793
2.88005506518
2.49678076144
3.06069664276
2.76224534067
2.50384934491
2.05617239177
2.72925861781
2.05931398443
2.42138253775
2.68841791331
2.78109489659
2.26116131242
2.81329622129
2.24074096017
2.44180289
2.86984488905
2.38211262958
2.55254403104
2.75910374802
2.93032054764
2.67428074637
2.67899313535
2.78816348006
2.41274315796
2.03496664136
2.43709050102
2.97901523377
1.81191356296
2.01847327993
2.83607276803
2.93346214029
3.02535372541
2.87691347252
2.63108384738
3.07640460603
2.39624979653
2.98451302091
2.5556856237
3.07954619868
2.88162586151
2.09701309627
2.69705729311
3.00650416949
2.44494448266
2.63265464371
2.98765461356
2.52034270634
2.80858383231
2.58317455941
2.74025419209
2.49442456695
2.70883826556
2.35069670305
2.55961261451
2.9138271862
2.5297674843
2.73475640495
2.54940243839
2.54469004941
3.07012142072
2.96487806683
2.82743338823
2.94367231641
2.53526527145
2.72768782148
2.65700198677
2.60438030983
2.5384068641
2.98294222458
2.79523206353
2.82900418456
2.5470462439
3.06305283725
2.56982279064
2.61616128228
2.03810823402
2.75674755353
2.76695772965
2.72533162699
2.94681390907
2.65071880147
2.77324091496
2.77795330394
2.80151524884
2.54076305859
2.1221458375
2.61380508779
3.07404841154
2.37897103693
2.56746659615
2.83764356435
3.05048646664
2.80701303598
2.85335152762
2.18183609792
2.77088472047
1.7938494052
2.682134728
2.77559710945
2.21403742262
1.92344010216
2.59495553187
2.94524311274
2.83136037905
2.87455727803
2.561968809
2.85570772211
2.79994445251
2.25016573813
2.7378979976
2.36483386999
2.66878295922
2.80387144333
1.26763263572
1.25192467246
0.945619388731
0.937765407097
1.25899325593
1.25820785776
0.939336203423
1.2574224596
0.944833990567
1.25585166327
0.94090699975
1.25977865409
1.27077422838
0.925984434646
0.944048592404
1.25506626511
1.27155962654
0.942477796077
1.25428086695
1.25271007062
0.936980008933
0.947190185057
1.26056405225
1.26449104307
0.929911425463
0.928340629136
0.949546379548
0.930696823626
0.927555230972
-0.028757511597105965
0.019004140325152023
-0.0006244996954038937
-0.014970247615538437
-0.0041994300967635395
-0.008494723505528722
-0.009408616804878419
-0.001021148685753982
0.0014627057113936256
-0.009074514047706454
0.004972457904832142
-0.0073154413871019
0.005808756014912202
-0.005166950133373659
0.003043051632731775
-0.006194997687092583
0.004412242967134677
-0.004403814124123871
0.0005530255685784687
-0.005888311162668853
0.005228799017721968
-0.0010585592623891214
0.0007787903318418145
0.005085485691557533
-0.0037324676036773427
-0.0021703307053950434
-0.003962580497750089
0.0009856445441123692
-0.0018115860478768373
0.0034898903932728963
0.0005519185911148984
-0.003889959745379725
-0.003688751928459578
-0.0011510744563734906
0.0008235451366753512
0.0027928512577643843
0.0014376151328401657
-0.002201472049169719
-0.0014313280872954662
-0.002016737618260617
-0.00017093824432447911
-0.002345196362082612
-0.0021683849450683597
0.0004179028293204109
0.000773239254323449
-0.0019428493563826113
0.00041611372959176175
-0.002044207129337954
-0.00012039816062241246
-0.0017709649811343904
-0.0015093559481036212
0.0006641625626863823
-0.0011019145864838516
-0.0012262602147953836
-0.001206389863430041
0.0008996088282026949
-0.0011647542898966898
-0.0009170214091728592
0.0013218766260856781
-0.0004575970746677153
-0.0013866839402633202
-0.00017196630470920344
-0.0012044184209582217
-0.0006767632459184791
-0.000294178857816471
0.0013097449693325433
-0.0011076099592917488
-0.0007193996245535984
-0.00043441160212514217
-0.0012345923904191279
0.00028523173609521646
-0.001268694795723175
0.00127113706535498
-8.675285364403661e-05
-0.0008292268176460032
-0.0009580766450249574
-0.0008340871541052717
-0.0009237478818666838
-0.0006517180110346325
-0.0010515743933169012
-0.0009350835125517733
-0.0007498678692366427
0.00041310873516589027
0.001112828899386843
-0.0010318421431062257
0.0005677457927352628
-0.0008374617650202996
-0.0008210592237670655
-0.00016694665684038816
0.0011603299875225428
0.0011428171891076308
0.00013733218029373263
-0.0005598425062293
0.0009900754046685506
0.00029229010434887536
0.0010902083376724673
0.0008953921284646258
-0.0006865286041870227
0.001090789540601141
-0.0002548550922283687
-0.001068686508557589
-0.00033422162539200175
0.0001697537396863837
-0.0010792467004431692
-0.0010871363095145024
0.00010459315213725732
0.0010642219767495748
0.0002318926140674229
-0.001008599138388854
0.0004098859070201434
-0.0010474960975305416
5.396832811546937e-05
0.0006925891593309639
0.0007773074451401255
0.0009641966345682447
0.00037960081854613925
-0.000808806893269349
-0.0006434808293503152
-0.0008200851624200606
-0.0006232280389432092
-0.0009757109152133659
-0.0003247771493511227
0.0008903246308286849
-0.0005113547197416857
0.00048301856742088143
-0.0008964269289452494
-0.00039267078438180557
-0.0009388653926089764
0.0005052316180184444
0.0008807355384048485
-0.0009626233437805465
0.0002938374648013362
-0.0005212843014095659
0.0008596350102310805
0.00033865299414498275
-0.0009335148094018795
0.00045497446534558945
-0.0008798306211558051
0.0009577197814899192
-0.00023417624616729532
-0.0008420824515202233
0.000501973413907632
2.4428665856804505e-05
0.0009787500139346419
0.00011635302050709289
-0.0009717002206339022
0.0004856127906459823
0.0008451768871998018
0.0007497573852653504
-0.0006117287009042409
-0.0007121699929387429
-0.0006544218545366041
0.0008065851508790751
0.0005326329447001704
0.0005683201342288229
-0.0007682457274404216
-0.0001155162628042307
0.0009397871736840319
-0.0007080745054545072
-0.0006284597392560514
0.00040828481300388467
0.0008539974829804593
0.0003353317180264034
0.0008784928588863213
-0.0006985360762502966
-0.0006114116333579873
0.0007842550426635071
0.00048607107748596245
-0.0006508777430532197
0.0006531780976792365
-0.0007842606302772392
0.0004763065674067819
-0.0003684411805552325
0.0008336196937516537
-0.0004409491660562133
-0.0007973698728928859
-6.741727325599473e-05
0.0009030892808301585
-0.0005603243121298766
-0.0007013781804712034
-0.00016262111814501607
-0.000879951491406867
-0.0008405418697129293
-0.00029638275089588576
6.656710565643704e-05
-0.0008878273338139783
-0.0008311174034937456
-0.00030432748126710024
5.666793767569739e-05
0.000879797965763412
-0.0007011407719839162
-0.0005216722844124541
-0.0007835754897644456
-0.00038055000046299423
-0.000308666644957324
-0.0007873629257914461
0.00011890719619266749
-0.0008346443244869707
-0.00020083463750138287
-0.0008139230474061977
-0.0008083339553456071
-0.00016708682512144268
-0.0005171289022889209
0.0006384070634859628
-0.000802582409750054
-0.0001187668724787227
-0.0004699399625877809
-0.0006596681672894138
-0.000767111616842111
-0.00025800152904769817
-0.00044184348853172476
0.0006777664789208429
0.0007499951019002939
-0.00029081283713892745
-0.0007870962905020197
0.00012963336912715835
0.0007341989300655902
-0.00031186411758570953
1.512329652215899e-05
0.000785820294757909
-0.0003604549305732362
0.0006938535519445398
-0.00022446396630247136
0.0007461777188880808
2.3347661285416266e-05
-0.0007680064573565634
-0.0002293373484384643
-0.0007261087803189747
0.0005771197003491135
-0.00049574404913066
-0.000683756859241055
-0.00033104660949207263
0.0007578804386963253
3.367235489777393e-05
0.0006510631738345495
0.0003872652620220075
0.0006582377208232044
0.00037427525959868096
0.0005583055993077138
-0.0005046486106129476
-0.00047174159561221316
-0.0005859053856012797
-0.0004985841286179989
0.000561033383822845
-0.00029486060684885603
0.0006847058296847643
0.000589077099405119
0.00045047278108852567
-0.00039692821395692174
0.0006222237302535407
-0.0005811638134248318
-0.0004545929010409403
-0.0005330497498543005
0.0004685921682915098
-0.00013088555479666666
0.0006969059221304893
0.0006384273986246656
0.0002918163287285294
0.0006945570836424355
6.193937429484858e-05
3.5564857361661186e-05
-0.0006769857433866781
0.0005707185991209525
0.0003656868670210964
-0.0004990817962774181
-0.0004577797549733341
-0.00031328440543523307
-0.0005991805437506718
-0.0006692972052233974
-6.290397830239255e-05
-0.000563048627390591
0.0003568716149554309
-0.0006301570939123756
0.00018706618627912857
-0.0006366910186672568
-0.0001452388179510231
0.00026457703849739825
-0.0005850718372164344
0.000587123270846002
-0.00022704309202151241
0.0001666717037811098
-0.0006046351484910095
0.00042576361072879226
0.0004558520850243301
-0.00017559621587514974
-0.0005946613787930367
-0.00033607455794612627
-0.0005129518893133946
-0.0006101337030066506
5.551072618156663e-05
0.00018297828415254075
0.000581900641887894
3.4927794316983546e-05
-0.000606128702352231
0.0004789393138435805
0.0003725532758737932
0.0003181432997284455
0.0005144009512551352
-0.0002974319112671354
0.0005220566644760342
0.0005038799350183597
0.0003207386062145154
-0.00023637845177506666
0.0005426775863457735
-7.339992843797993e-05
-0.000587328737903732
-0.00012752553001100576
-0.000577479815927991
-0.0004147255684649692
0.00041895998504368225
0.0003724244902832441
-0.0004548674427283967
-0.0005655568880046045
0.00014607255496903833
-0.0005300778175384002
0.00023482027813419924
-3.968437567596838e-05
0.0005774035014015113
0.0005549977723293115
0.0001524044442882892
0.0004029989110451897
-0.0004106950929052291
-0.0005558094589830535
0.00014150763085033673
-0.00022648214294880946
0.0005263280916177673
-0.00018843727057064064
-0.0005383723528495591
-4.9351368171444614e-05
-0.0005665391170739709
-0.00027367095804163203
-0.0004979354449881055
-0.00017558450756892933
0.0005361234911282534
-0.00046305154875546275
-0.0003207097389354731
-0.0002490420743801039
0.000503593711997539
0.00019981036051837354
-0.0005230548002771619
-6.103569765983458e-05
0.0005549844195920404
-9.635081448074995e-05
-0.0005480826122271843
6.061241833981619e-05
0.0005464988942865297
-0.0002766068565798373
0.00047496686888735264
-0.0004810868514946086
-0.000264028775947635
-0.00029448371542030254
0.00046247406764328224
-0.0004707705964631732
0.0002805888399631001
-0.00022824890755756682
0.00048262662469170656
1.2168198575854327e-05
-0.0005320250888596891
0.00048311220384544276
-0.00022244172265000736
0.00014496586738567248
-0.0005094905675313706
0.0005267385417513276
-6.682324783516866e-06
-0.0003707146114646453
-0.00037142135146064214
-0.00048163412035176007
-0.00020628152762337083
0.0001710388625343565
-0.0004910422455155265
-0.00022340125655469003
-0.00046345079950239773
7.28521022436146e-08
0.0005087822474602178
-0.00012268515896751567
-0.0004908653419068566
0.0004921938118563981
-7.82835705559883e-05
-0.0004517316239130636
0.00020427622175174753
0.0004630254809594008
0.0001717859343403273
-0.0004557088406637594
-0.00018650945704704348
0.0003895179658491914
-0.0003004382707000623
-0.0001171928547065938
0.00047587908860953574
0.0003220895592430669
-0.00036768676106114286
0.0003694489256492154
-0.0003165175999728103
-0.0004748937012625527
0.00010404427582906797
0.00046915126308005384
0.00012194562496729719
0.00014099538118717337
-0.0004635542817934803
0.0001263478057175612
0.0004667925669447547
-0.00046491261359414413
-0.00011152469778659784
-0.0003681785434650168
-0.00030393454334322356
-0.0003424013150792155
0.00033218379254358377
8.894809367159917e-06
0.0004730725238646312
-0.000323604628197966
0.00034395592975903583
-0.00018063523263157788
-0.0004356496771052296
0.00035340196073864813
0.0003085157183948514
0.0004178547125414485
0.00020326761854833118
0.00045732656489103887
7.188489515220078e-05
9.607269885900556e-06
0.000461148183205551
0.00022169923129260785
0.00040023213842964886
0.0003751246543188117
0.00026140271657962375
0.0001761010250512448
0.00042192271086267117
0.0004477982527049378
8.480008144170744e-05
-0.00027006439879261355
-0.00036396533649207303
-0.00029522531630419343
0.0003395178743574
-0.00019097178566152462
0.00040380592866050914
0.00014000501238596136
-0.0004222620531033993
0.00033228870715809367
-0.0002927716163584624
0.0004360960582365161
6.238111727446238e-05
-0.00014470117766834736
-0.0004145541346228534
-0.000282387027258523
0.00033453649620955193
-0.00031506897195763514
-0.0003005649948046385
0.00039080371264326076
0.0001913426059537893
-0.00017624280753547405
0.00039741541909997193
-0.0004080758409776266
0.0001385581603889917
-0.00035738987398557
0.00023842569323512293
0.00021910973049636128
-0.00036914710888653066
0.00039404267195686303
0.00016898449518775805
-0.00036358435897446747
0.00022272647240715354
0.00024287466405758257
0.0003489428542546521
6.761424963519897e-05
0.0004173152944410553
0.0002227317697457991
0.0003565002321130408
0.0002448858230658901
0.0003415689776484231
0.00022221469909357617
0.00034782656232858905
-0.0001402519898289895
-0.00038501324683496205
0.0003988318613033065
8.672680987715412e-05
-0.0004070740592635994
2.0224171191929415e-05
1.4817145567723734e-06
-0.0004072825553796692
-0.0004057437822122252
-3.2097800308991645e-05
-0.00030497779119408107
0.0002666525220289471
0.00038381197342142616
0.00012794466062308893
-0.0003580194283682509
0.00018445923641868144
0.00030709072741370885
-0.00025686909216266895
-1.6922409744734275e-05
0.0003970320556098083
0.00034392540374189037
-0.00017949524244860294
-0.00013143761215065063
0.00036496301569173187
0.00014527685870787172
0.0003587037302209669
-0.00020278038982180516
0.0003292429191106476
0.00038007537512895585
-4.403467546426573e-05
-0.000359042351203847
-0.0001238693789535727
0.00030620633900550694
0.00021991158577387072
0.00012792707271591517
-0.0003543399463277147
-6.392134637581997e-05
-0.0003658512750466754
-0.00023754944680691494
0.0002840317920757123
0.000360680656838571
-7.15744946384459e-05
2.5146958401694035e-05
0.00036559766936299017
-0.00024992541618423195
-0.000258507587817802
-0.00029422788095524505
0.0002010408129317165
-0.0003475549997902358
-5.572386911567576e-05
0.000322498607357466
0.00013943501915420303
0.0003180845673391054
-0.00014574457494972878
9.72467286808886e-05
-0.0003338309997192821
0.0003422268689664494
5.425405567829118e-05
-0.0003281445793241672
-0.00010896547688295821
-0.00017713106321706062
-0.00029311743797837716
-0.00016766240136347694
0.0002983083493919097
0.00014391844321267775
-0.0003073298219289287
-0.00026642243565017614
0.00020804182243167561
0.0002488292373867083
0.00022634129658586987
0.00021160026107698956
0.000261008597057142
-0.00030539713860220106
0.00013817497853724648
0.00014753096550769
-0.00029488152801930757
0.00022321331008910765
0.00024161120550896868
-0.00026309302609386426
0.00018114791059686036
0.0003086818780376868
6.545615646839814e-05
0.00029025830415551495
-0.00012210727329294935
-0.00027633526348480543
0.000150934944299674
-0.00025838399072042583
0.000175635457992315
0.00023133870632699325
-0.00020966565129219543
-0.00010485964433701405
0.00029394440358442963
-3.726245933080241e-06
-0.00031201649767261544
-0.00022531799438461696
-0.00020535563303233199
-7.913997297222445e-05
-0.00029291603089672355
0.0002923034693738218
-6.769856319675596e-05
-5.111820226624161e-05
-0.00029312197496488023
-0.00021492249777385372
0.00020547378186166711
-0.00026001911739659115
-0.00014350325578533224
-0.00029530536753111534
-2.6945670067583556e-05
-0.0001420712762998335
-0.00025936624644087327
0.0001083975253845473
0.00027437607331338347
9.686485140540882e-05
0.00027846647680052024
-0.00028351650175975786
7.05289624761419e-05
7.999339009251307e-05
0.00028094343365693845
0.0002765848445319235
-8.548627444229475e-05
0.00017937784045876567
0.00022369901410404194
0.0002483972774358349
0.0001398890353672894
0.0002847586181794745
-6.76981821938985e-06
-0.00014573065559807664
-0.00024412433791948444
7.324239337004699e-05
-0.0002738359954268783
-7.67217713088012e-05
-0.00027155157740985997
3.433400469555476e-05
-0.00027954214855567674
-9.56432974300161e-05
0.0002634071055603119
0.0001237465507294006
0.00025010853840170286
-6.48741791678464e-05
-0.00027064002107394115
7.489542111274571e-05
0.00026694158311284266
0.0001733035760796136
0.00021632800360307358
0.0002766471362073212
1.1264712497628393e-06
-0.00024076956493030086
0.00013497242587368925
-0.00010201327703584911
0.0002562751108621858
0.0002591529518867168
-9.331912539431974e-05
-0.00027541186780005126
3.062744821935748e-06
0.0002751186278907385
-2.2701318357962047e-06
-0.0001093045782727371
-0.00025055325916670387
0.00021374787570610526
0.00016993899116908811
-0.0002723582332379993
-6.042314233942747e-07
0.00018062050785382428
0.00020374630526318063
0.00022596256722312496
0.00014719665857070935
0.00025589779332357485
-8.413010471233617e-05
-0.00022545532630570132
-0.00014708609736861599
-0.00023124880802186392
-0.00013603741105256111
0.00019305327703867574
0.00018285657503519525
0.00019960326204191342
-0.00017525475734133901
0.00020704010532764775
0.00016621777088970182
0.00025645089889013407
5.259399513028828e-05
0.00021419456047964402
0.00014680258573634622
-0.00015072346341057718
0.00020949567427104918
-0.00012996068650935133
-0.00021766323734087636
-0.0002508466835519829
-3.133909306522453e-05
0.00018448945411566882
-0.00016994102825220253
-6.033850618082645e-05
-0.00024145135881024226
-0.0002140168205850601
-0.00012551060765750156
-0.00014213624279223498
-0.00020067175495098275
-0.00019868863125787104
0.00014367186681617946
-0.0001933409037571052
0.0001464098250589127
0.0001618922910914531
0.00018002996482349408
-6.159181811820374e-05
-0.00023408615684102584
-0.00024049903566955355
-2.411626273367895e-05
-4.9032604245957456e-05
-0.00023577466012729875
-0.00013408755932989684
0.00019958891054320716
-0.00023860917378125035
-2.1956209261236704e-05
-0.00017603888303314468
0.0001611721033710524
0.00014516524117831763
0.0001890562356663758
0.00022496193935274392
7.483637708318308e-05
0.00020813310000883194
-0.00011242307382194936
0.00020507886238158824
0.00011689217271508867
0.00023162389609108136
2.9754644014902605e-05
-0.00023173602253321097
1.7491199536035145e-05
-0.00020313649304936246
-0.00011221070436185298
0.0001300429984525175
-0.00019210917960610843
-0.0002214006253642591
6.892456567567734e-05
0.00021766679583740277
7.476745854685019e-05
0.00021879316187176505
-6.345459520816157e-05
0.0002203733826898153
-4.28857506324867e-05
0.0002075585251715048
-8.368718271601547e-05
5.514548678477321e-05
0.0002162099985215008
0.00019052909738235564
-0.00011541353949512646
-0.00016073250494971663
-0.0001533753235079514
-3.018102052748356e-06
-0.0002219661030779749
-0.00010750666430239739
0.0001923142192139831
-0.00015229232004655292
0.00015441895453845666
7.092169219985323e-05
0.00020309537979291593
8.263072845118553e-05
0.0001952275066244949
-0.0001472959065941567
0.00015171693228747986
-0.0001310273056619895
-0.00016374585108777922
2.7750693267068485e-05
0.0002070681565392336
0.00010221282289199084
-0.00018051153876964902
0.00018210077393516897
9.572009951472002e-05
0.0001765459510167739
0.0001041132772105823
0.0001944168755362669
6.339370577539733e-05
-0.00019665979097714738
-5.225409482952202e-05
-8.007620394221051e-05
-0.00018603320316221055
-0.00019562033915643517
-4.999730514724782e-05
0.0001703861944833897
0.00010670553648555486
-0.0001738079169803175
-0.00010076545357543054
-0.0001832591892474848
-8.115588172821565e-05
-7.666759535334317e-05
-0.0001845833691590329
-3.7570266818299643e-06
0.00019919459897923433
-2.84672858468233e-06
-0.00019637769584491437
-0.00015808881250608135
-0.0001163671201892553
-0.00019497752464977335
-6.274015959964241e-06
0.000158343080492679
0.00011091629880254787
-0.00018204697896752732
-6.333141234719555e-05
-0.00014916573208787447
-0.00012007478206350683
0.00010849573191179115
-0.00015688880438952384
-0.00015876982846705734
0.00010045976463499251
2.2534496331547152e-05
0.00018637160792938075
-1.798517663007712e-05
-0.00018609134698381247
5.790856590922576e-05
-0.0001767900270790471
0.000166425870813324
8.016935226323022e-05
-0.0001818366470828036
3.008896774587802e-05
0.00014793689563756635
0.00010694112348395846
-0.00011902502355101555
-0.0001360928968687869
8.604789425972348e-05
-0.0001572476150648836
-7.071108568225137e-05
-0.0001645043524125686
-9.721293533144271e-05
0.00014937760309173285
0.00013793476700697105
-0.00011269187248644844
-0.0001476371530619785
9.864369219768663e-05
-0.00015240027930279947
-8.911211621000554e-05
-9.059801506777654e-05
0.0001504999877122668
-0.00017426692728533667
-1.6734262374087123e-05
0.00016564026104882773
-4.6928063996675806e-05
-9.471823980969707e-05
-0.00014371266880717126
2.2855035050352412e-05
0.00016849625007672324
-0.0001174620061128033
-0.00012248160322941466
0.00012363853178844149
0.00011620328383681225
-0.00014543402721355075
-8.460299785060416e-05
9.923110939237013e-05
-0.00013551762643137667
-3.072660241653572e-05
0.0001642914349456182
4.3202949451142724e-05
-0.00016112770737353855
0.00015874437027119415
-4.9606919994349046e-05
-0.00013625442977071556
9.509038483074506e-05
0.00011107879260777299
-0.00011961998738057598
0.00013207543533381554
9.535109901282182e-05
-9.292072791604566e-05
0.00013333451944522873
7.92047813179117e-05
-0.00014070469692240424
7.133685023325992e-05
0.00014465623502422776
3.5587606591549665e-05
-0.0001566030809932701
0.00015874416105105267
1.9587650330554344e-06
-0.00014619222518364418
5.71897549242672e-05
-0.0001156848559064991
0.00010460338818597035
-0.00014946607933264121
4.3656238413767756e-05
7.932335192370327e-05
-0.0001323563346176168
5.337158697530963e-05
0.0001440254834487612
7.080621862938563e-05
0.00013349749952431338
-2.4127898469430865e-05
-0.00014706819444678537
-0.00014829912650197636
8.774629511176191e-06
-0.000146025336554602
1.718931892920657e-05
-0.00014281362005071578
3.298115951745106e-05
-1.9972620962054066e-05
0.0001437735366534375
6.189384428917056e-05
0.00013089453246525485
-4.899310025774949e-05
0.00013588100882772674
9.282773570670392e-05
0.00010952176090950217
0.00012336178959354983
7.220361840940059e-05
-8.073552898852164e-05
0.00011784158594190652
-0.00012187102089404544
7.323146691566296e-05
0.0001313098234720402
-5.228046917592666e-05
-7.663075897930694e-05
-0.00011853921701192744
9.714613872856352e-05
9.989982606517073e-05
0.00013259040332201262
4.278848623028972e-05
-3.231227421400143e-05
-0.00013524217626031807
-0.0001320374657011393
4.3099541112891394e-05
0.00012442618164170996
-6.101240866963994e-05
-1.5884940838122087e-05
-0.00013735583658001005
0.00013697317563335837
7.388910700461271e-06
0.00013099310504699368
3.904646662050995e-05
6.589079518501162e-05
0.00011674517875282786
-4.321142424703095e-05
0.00012538889983511147
-0.00012186356906782935
5.003315842848266e-05
3.11576492008406e-05
-0.00012748864227136157
-0.00012986660200278187
1.0819292433182054e-05
-0.00011561329587950604
-5.97270470095811e-05
0.00010194409995145945
-7.980796130763224e-05
-0.00010706096915313433
7.22927175601534e-05
0.00012170131764088726
-4.087185251197073e-05
-2.4417024020191886e-05
-0.00012586443871569124
-2.110363000774773e-05
0.0001250912318559737
-0.00012212063424581467
-3.236363854091501e-05
-0.00011622354740046236
-4.89345645735048e-05
-1.8350259804240156e-05
0.00012428910289694444
9.853502329773762e-05
7.689365578660609e-05
-7.014817875832273e-05
-0.00010316580793259772
5.671211458396108e-05
0.00011091297181971282
0.00011995330257029496
2.6252008689780336e-05
6.963490451314503e-05
9.955928824249915e-05
-0.00011926726977464007
2.0892296160641088e-05
4.556764763864285e-05
0.00011137274146941549
-1.3762531605712447e-06
-0.00012017675891255842
-0.00010656969386580084
-5.182825636813026e-05
-0.00010704833621103534
-4.844151395667535e-05
7.521798553111903e-05
8.488898303495679e-05
0.00010930784732164636
-2.6226690133678177e-05
7.809730483668833e-05
-8.021303801821797e-05
-6.667216202900992e-05
-8.929233699831746e-05
3.503393663059091e-05
0.00010525306700981767
7.724743981166539e-05
-7.938995073566013e-05
-5.935777056725977e-05
9.299330284328963e-05
0.00010908807829788159
1.4659909584504458e-05
2.5765541696077095e-05
-0.0001061466638408393
4.003749589463055e-05
-0.0001009111058357393
-1.0136138593401512e-06
0.00010849377196842743
2.8572110787139394e-05
0.00010392896230980611
0.00010072440192120257
3.417530132393365e-05
-3.199732529054805e-05
-0.00010087453863302152
-5.864292279594129e-05
8.575345844866292e-05
-4.371006444177486e-05
-9.396114427464486e-05
5.276848665734272e-05
8.830104878578896e-05
8.424502775308388e-05
5.849545637460297e-05
-5.3968283298593185e-05
-8.699918205324395e-05
1.3189520843266745e-05
-0.0001007137583571514
-8.502115691861795e-05
-5.393103710048952e-05
-9.881546836060839e-05
-1.6308674478387187e-05
-9.191559583022463e-05
3.7546799529310985e-05
-3.7226322798185275e-05
-9.052108068964315e-05
5.0872282871085805e-05
-8.277022418765989e-05
7.165803933421713e-06
-9.660982109128727e-05
-8.292452657333385e-05
-5.004689105150356e-05
-7.701484284122985e-05
-5.8394000164793875e-05
-7.285953709415339e-05
-6.333620245614352e-05
-7.922993164546293e-05
-5.467857013746014e-05
-3.5468368284351346e-05
8.829604849537614e-05
8.209459272716236e-05
4.4336712159027764e-05
-8.367275600923524e-05
-3.961493395246092e-05
-4.3294673599094074e-05
8.167270134894696e-05
5.587677273700686e-05
-7.283618122941742e-05
-9.168994967114642e-05
3.1509531809011672e-06
8.919490972352508e-05
-2.0577487631269097e-05
-4.884368313665666e-05
7.633170432571484e-05
-5.3182157943317516e-05
7.297761481300539e-05
-6.78575530357232e-05
5.9462677930339145e-05
-3.1432061363664665e-05
8.3655260772512e-05
8.908593495162014e-05
-6.415422095718159e-06
-8.752940508432067e-05
-1.4115912847131678e-05
-7.54837163166493e-05
4.548790641302092e-05
7.447362114858406e-05
4.642598637208245e-05
1.7076833748513182e-05
-8.529456047283022e-05
8.591372414630806e-05
1.1851454007794027e-05
-2.947175448508088e-05
-8.150947173112937e-05
8.504756166452934e-05
-1.6176738413060236e-05
-2.939493499636403e-05
8.001309655418077e-05
6.421248042218744e-05
5.5922601522202075e-05
8.151780792975103e-05
2.4064025352578983e-05
-8.467867150025847e-05
-7.029035132269906e-06
-8.35462741091237e-05
1.5134564207376688e-05
6.422732956321325e-05
-5.486659523041418e-05
6.133028373237064e-05
5.5632234133476453e-05
7.846225078595856e-05
2.2457531754918603e-05
8.104656266781498e-05
-7.95630300548282e-06
-2.365761902266135e-05
7.776759918498071e-05
-6.71988807988671e-05
4.496445724499913e-05
7.610459226504051e-05
2.5068920816716996e-05
-2.669466562018308e-05
-7.523864773997142e-05
-7.752595277758601e-05
1.4018980689931029e-05
-2.2536494412146835e-05
7.387662101822648e-05
5.686723617565989e-05
-4.896516128070407e-05
5.591983334641287e-05
-4.950536865119984e-05
-6.552714082874753e-05
-3.1727829197315563e-05
-6.883478367632685e-05
2.273094191571279e-05
-1.4668001281031573e-05
-7.060206084206945e-05
-2.9092743251427132e-05
-6.54462583612021e-05
3.2822170474234316e-05
6.313140673080042e-05
-1.841152764661147e-05
-6.734050983000412e-05
6.94168729661757e-05
3.489277364767167e-06
1.7404058590423377e-06
-6.912839752998115e-05
-6.894120714247893e-05
-4.9522727791107e-07
3.2111790797105524e-05
-6.099299500979626e-05
-4.973029563728398e-05
4.665659957877046e-05
5.3430769256438824e-05
-4.11773498722032e-05
-1.6272350359904042e-05
6.53377860394245e-05
1.3278249845478332e-05
-6.570879133705243e-05
-5.09416385297503e-06
-6.660130888950896e-05
-3.2170739306290245e-05
-5.7786582544557317e-05
-3.381678738902705e-05
-5.671115266242044e-05
-5.0716643270275514e-05
-4.103173918803243e-05
-1.2336911603572766e-05
-6.402356796684167e-05
5.9390445821335644e-05
-2.6858956958872482e-05
6.392397974810074e-05
2.20511172532941e-06
5.8753909310293896e-05
2.4101356273409078e-05
-1.210731663761674e-05
6.20888127372305e-05
5.915994544997508e-05
2.0809105681052542e-05
4.2051968166536085e-05
-4.623910768751097e-05
-4.5079967133291434e-05
-4.315468409382212e-05
4.2511589680679476e-05
-4.3315576273095264e-05
4.232886691196308e-05
4.319591645999248e-05
-1.5581745094278643e-05
5.8317507669475134e-05
4.3008235109410705e-05
4.1580371556052376e-05
3.9131620935793555e-05
4.435523396069951e-05
5.825884439352286e-05
9.224600317666003e-06
-5.8822664342532246e-05
4.320493193029406e-06
-3.872118692662324e-05
4.4253557560903546e-05
4.6634196798591544e-05
3.484694087250448e-05
5.5509922271953936e-05
8.18618891981121e-07
-5.4476381460749095e-05
9.499621147956688e-06
1.4179388667420301e-05
-5.2755066470604796e-05
-4.441991570383602e-05
-3.163088247979248e-05
5.030527902434523e-05
-2.048280308930056e-05
-2.122022631576234e-05
4.97832935604761e-05
-3.846277983600656e-05
3.803660048112059e-05
4.585086571784713e-05
-2.836228557673909e-05
5.002282404257331e-05
-1.9609603200443497e-05
7.044953938057874e-06
-5.248446719169855e-05
-3.9197340859697283e-05
-3.506629001924072e-05
-2.4781087061506613e-05
4.5824603791173255e-05
3.534363464651746e-06
5.1029324268764274e-05
-2.1790382147912235e-05
4.610367026675742e-05
4.4230409308315785e-05
-2.488390710260735e-05
-8.909998903204097e-06
4.988990412985456e-05
4.472424473435876e-05
2.356505188031982e-05
-9.102413840576862e-06
-4.9604855916101186e-05
-5.0253421336517e-05
-3.4632516080309423e-06
2.826668304249047e-05
-4.110671176044034e-05
-4.358864364783166e-05
2.1683791274058194e-05
4.7719250250099236e-05
-9.270250331591401e-06
4.2899329121352205e-05
2.145700950116891e-05
-1.5521866424493602e-05
-4.5211159707345125e-05
4.57836269230622e-05
1.3359781734370969e-05
-4.1303880476580846e-05
-2.3399760144037996e-05
-1.7499066883237545e-05
4.368347933199047e-05
-2.195922915890787e-05
4.109004316606202e-05
-3.987918626026829e-05
-2.381974908713652e-05
-3.467488715030109e-06
-4.605454144659798e-05
-4.323926869197073e-05
-1.4804064055514152e-05
4.401013446053198e-05
-1.1057411983913108e-05
4.464807237580723e-05
-7.733989158660693e-06
-2.792364387464344e-05
-3.484779197923912e-05
3.787059322306546e-05
-2.3657506114756588e-05
2.156795919534088e-05
3.7487864306182006e-05
2.9648082577737323e-05
-3.134971147576948e-05
-7.391155046094167e-06
4.1882775124536256e-05
2.7264649695903252e-05
3.21340766068029e-05
3.173658313991455e-05
2.767006728132726e-05
3.838193034117399e-05
1.7118401268399975e-05
4.140145692379912e-05
-6.914857778767214e-06
-2.3497880380589863e-05
3.46556433997571e-05
-1.7917580635328363e-05
-3.7569199586404924e-05
-1.0490112789569378e-05
-3.956597196531142e-05
-2.577423931415801e-07
-4.029481161448434e-05
3.657056118432145e-05
1.6804651393706238e-05
-2.5656989239313253e-06
-4.009234014482627e-05
3.577292713609798e-05
-1.8239156353312858e-05
-3.372848972485196e-05
-2.153263461439092e-05
-1.8026442620439066e-05
3.54912216607996e-05
-2.1812011954497085e-05
-3.324200651315468e-05
-1.336045036820721e-06
3.9576984043335487e-05
-3.7140700449193595e-05
-1.310032522131599e-05
-2.113071820439296e-05
3.3007008669077355e-05
-4.586863297539823e-06
3.8078192382527406e-05
-3.8220408124743754e-05
2.0493408105147216e-06
3.2872636301765665e-05
-1.8484761822998573e-05
-3.1832284674516656e-05
1.9814785354783427e-05
1.564523129439732e-05
-3.370163574419821e-05
3.45899575496562e-05
-1.3230276454007761e-05
1.811885848719303e-05
3.196510108244238e-05
-2.27779517181409e-05
2.7881328439437332e-05
-3.4451929330341915e-05
9.206346649655417e-06
3.290925045782947e-05
1.353693457520211e-05
-3.490818509149574e-05
3.0040251228623526e-06
2.79601364326878e-05
2.0810580993795956e-05
-1.5659145821404597e-05
-3.0636536890625846e-05
-2.504057631454548e-05
-2.3037088493394585e-05
-1.225687281737569e-05
-3.1673155943194637e-05
-3.143969482212236e-05
-1.2416916584230984e-05
1.1087179959198278e-06
-3.368404572128652e-05
-4.467978790695992e-06
-3.335951012253796e-05
-2.154934487021265e-05
2.5071083631875935e-05
-3.11551138839673e-05
1.0913083157647884e-05
2.6375690880408087e-05
1.9736248088156184e-05
2.1959926002747044e-05
-2.425266978431939e-05
3.208218282326059e-05
-5.992347280917465e-06
2.1390500366848087e-05
-2.4608973031691935e-05
-2.1135220557411334e-05
-2.479410157205185e-05
7.418421936922215e-07
-3.1973598451394025e-05
-3.0229733795822362e-05
9.817594043649108e-06
1.2105659505348282e-05
2.9260559938014715e-05
1.5018073237151873e-06
-3.155614037521159e-05
2.9863038399341346e-05
-1.0079959990212308e-05
-1.221745086442981e-05
2.8975539928724424e-05
1.6260582278122437e-05
-2.6782725577679162e-05
-3.107839350503214e-05
2.4931435642911447e-06
2.8627989010305597e-05
1.1766687324764046e-05
1.5041570996323639e-05
2.660297652577011e-05
-2.5997346658117148e-05
-1.5872292397120625e-05
-2.9715395069449536e-05
-3.5452710229155747e-06
9.599175302710095e-06
-2.8243273457309592e-05
-9.933495206247422e-06
-2.772589912505391e-05
5.725572684233072e-06
-2.8130729771981723e-05
-2.8493654090762764e-05
3.1401241856363045e-06
-9.611381882133729e-06
-2.6909632377500326e-05
-2.7407523063605945e-05
7.953714602002351e-06
2.18586036442876e-05
-1.7679724407407616e-05
-1.3507613386682312e-05
-2.41817185098816e-05
1.825595854600959e-05
-2.0157805763590135e-05
-1.9240856057840096e-05
1.9183178080684204e-05
-6.335882532681816e-06
2.6053740083661207e-05
-2.6260489525202545e-05
5.113814776422629e-06
-2.0195368426567885e-05
1.7528518445227513e-05
2.4078297037700426e-06
2.624355579611348e-05
6.266519503138612e-06
2.543968477658607e-05
-2.576073984708687e-05
-3.594866368249371e-06
-1.3443004231438072e-05
-2.2081290339291404e-05
-1.2656062820430319e-05
-2.2445676708265276e-05
2.155118447092752e-05
-1.4092234823542952e-05
-2.5577580938481442e-05
-2.7604149352131875e-06
2.0045215256524308e-05
1.5794289327787313e-05
6.343943493272941e-06
2.461728795918486e-05
2.4328808096328204e-05
7.252879578363861e-06
8.235092732101545e-06
-2.3883028850464117e-05
-1.9988113578683977e-05
-1.533215090854412e-05
2.4688466455187354e-05
4.914157429113275e-06
2.3273896053868648e-06
-2.447068673715114e-05
1.954357949734378e-06
-2.4394429071148417e-05
2.3286110684345827e-05
-6.762307330589579e-06
-2.0955336120124333e-05
-1.1726294562464157e-05
1.2041883270967447e-05
-2.0109335142205254e-05
-1.413610077399008e-05
-1.807770614190729e-05
2.2775096607993318e-05
2.1356580103244484e-06
1.172473741775809e-05
1.9487705811859433e-05
2.174403977302966e-05
-5.613387493397459e-06
-1.4284502926971664e-05
1.731127077367834e-05
-1.2138039433373425e-05
1.8856678071251404e-05
5.224620226423671e-06
2.1300969994179796e-05
1.8089470768860658e-05
-1.2076536333081221e-05
-3.3677561351996843e-07
-2.16939563052998e-05
1.079652278032539e-05
-1.8586782520777056e-05
-1.1773872094232377e-05
1.7694082985150663e-05
4.418526423191488e-06
2.055785840923796e-05
1.4535617643587378e-05
1.5062058166389663e-05
1.0250276623073318e-05
1.8133215418691536e-05
1.755599537009811e-05
-1.1155051398554438e-05
1.78893008583203e-06
-2.0703249726163388e-05
7.487898941463678e-06
-1.9023185231152513e-05
9.62795335886077e-06
-1.770874771541593e-05
1.5259547065339204e-05
-1.308811187800657e-05
-1.7301046676607853e-05
-9.83050059816512e-06
9.91574527957214e-06
1.7186065925390402e-05
-7.566580112824073e-06
-1.815093741608148e-05
-1.3867307014071199e-05
-1.3826686603625498e-05
4.101768639985126e-06
1.910740690033482e-05
-1.531066913153112e-05
1.1993266043713647e-05
-1.5121516058367881e-05
-1.2081378345712871e-05
9.175274623816954e-06
-1.694521645389435e-05
6.826611172114361e-07
-1.9093007266448024e-05
5.893441768067345e-06
-1.798341305209032e-05
1.6437647571690375e-05
-9.369513825052967e-06
-1.846320606169659e-05
3.834822789455489e-06
1.114162203646181e-05
1.5025959492117637e-05
-8.567554517727998e-06
-1.655788533097023e-05
-4.180077698779868e-06
-1.8084048416536874e-05
1.6126284405112655e-05
-8.429237345298085e-06
-9.330119047166179e-06
-1.5478154445594887e-05
-9.677177828856105e-06
1.5228048520221472e-05
8.336047525059315e-06
1.600012042088439e-05
-1.2985344342178684e-05
-1.2442470326898825e-05
-1.6354892054582295e-05
-7.477324924185957e-06
2.6384932655902463e-06
-1.768802161337016e-05
-1.6913371164599624e-05
-5.226929015480858e-06
-1.6842743640017232e-05
5.361699859549013e-06
2.9306713444932633e-06
-1.7417646786363816e-05
-5.366644500999995e-06
-1.6818379487270273e-05
5.989223702655479e-06
-1.6585693029561172e-05
1.6248598670563387e-05
6.815608234453763e-06
1.3864907761463208e-05
1.087036829172456e-05
1.1008116155449693e-05
1.367599400878626e-05
-7.683679582208548e-06
-1.5721277021911172e-05
-6.030626580762477e-06
1.6384361890697586e-05
-1.4907694108564073e-06
-1.739122628034523e-05
-1.590302859968212e-05
7.049595917352158e-06
-1.0719490650177146e-05
1.3698730192096637e-05
-1.7302799827089418e-05
1.6307795848731349e-06
1.0604613060208295e-05
1.3690442209429054e-05
8.316808106889839e-06
1.4957306133389012e-05
-1.3931341483715109e-05
9.901414861851824e-06
-1.3989788946415755e-05
9.630460639176855e-06
4.957452710008248e-06
-1.6171505718278077e-05
1.5075722106641232e-05
-7.543500771933532e-06
-1.5798057941375148e-05
-5.582608067606687e-06
-1.0602645031255186e-05
1.2924532776180082e-05
-1.1058539858677108e-06
1.6582908736523905e-05
-2.726433756666646e-06
1.6274334226338006e-05
1.303376481753188e-05
-1.0118745355235562e-05
-1.4585562201578694e-05
-7.269433116903979e-06
1.5266932439770398e-05
5.672632465703653e-06
-1.4008003172025399e-05
-8.215772854731383e-06
8.479223798784907e-07
-1.6163561184365932e-05
-1.5287195957389144e-06
-1.6077332274164643e-05
1.465545876825365e-05
5.966345676709882e-06
-1.4606222850506946e-05
-5.9887855877418514e-06
-4.716753347143943e-06
-1.498845947222155e-05
-7.853686263463277e-06
-1.3522286620210822e-05
9.8881348139368e-06
1.1948664882641568e-05
1.2222354293151744e-05
9.289270813956252e-06
-5.242929148219833e-06
1.4395375934324384e-05
9.406150438930415e-06
-1.1981262285072417e-05
-1.5204343166564188e-05
-7.85730468364769e-07
-6.714497649965984e-07
1.5204259367036727e-05
-4.147323944775107e-06
-1.463890168115245e-05
5.182654568049925e-06
1.4292967135496979e-05
-1.4518924660090582e-05
-4.289263301938538e-06
-1.4280207472762888e-05
-4.9937588885199185e-06
-1.2771266236122668e-05
-8.057292654150416e-06
-3.559563507515906e-06
-1.450502213201093e-05
3.3764533043636467e-06
-1.4480412868696571e-05
1.474890654443678e-05
1.0758600758160805e-06
6.7280019174410025e-06
-1.3140967497013216e-05
9.210821293683911e-06
-1.1516249299125883e-05
8.898033915495317e-06
-1.1754434788237844e-05
1.339139988966282e-05
6.002950368856957e-06
1.2085487890539057e-05
8.257385539778443e-06
-1.4437765352321725e-05
1.028849686521097e-06
-1.4400038018409778e-05
2.491867121801744e-07
2.8109784327529987e-06
-1.4010061780434458e-05
-8.946926202721625e-06
-1.1120894123041945e-05
3.5330547749301626e-06
1.3710646368093115e-05
-1.3222543353865275e-05
5.021294171992978e-06
-8.472749313175126e-06
-1.1119529271212095e-05
9.736321209657783e-06
1.0007590579036913e-05
-6.827660615025405e-07
1.3923993900928963e-05
-8.772099452229184e-06
-1.0734523966180381e-05
-6.294887447171771e-06
1.225802683544963e-05
1.2985651587861246e-05
-4.27821396054251e-06
-6.9501599103158065e-06
-1.174316362590383e-05
1.693510959396266e-06
1.3401022263290874e-05
-4.082325605364215e-06
-1.2848214000869749e-05
-7.721864160954356e-06
1.1040165667183542e-05
-1.290476366452678e-05
-3.838232769695762e-06
-9.260411817058667e-06
9.7099632518792e-06
-8.085766071845302e-06
-1.0543177476582552e-05
-1.1664319157665547e-05
6.213285216047144e-06
-1.3108476749351997e-05
-1.5542895644442416e-06
-5.516948410404051e-06
-1.1949532732544871e-05
1.0426341452838272e-05
8.029291996510327e-06
-1.2461018781268094e-05
-4.214306597429242e-06
9.948901190665743e-08
1.297975354796238e-05
6.783672711387398e-06
-1.1018640403445197e-05
4.634176152276612e-06
-1.1849235047292322e-05
8.691184548602114e-06
9.268553224504297e-06
1.2623247009157373e-05
-9.224527869504534e-07
1.2483110338195751e-05
1.8700925140322095e-06
1.0154204124091155e-05
7.400041189332463e-06
1.0279980486904372e-05
-6.921643095935043e-06
1.8344723647797657e-06
-1.2251053322721806e-05
-1.0478875346190755e-05
-6.169950788158643e-06
-6.544731347186396e-06
1.0149166060938311e-05
-9.340236582713712e-06
-7.639277942040002e-06
7.17495144033517e-06
9.68513355801897e-06
9.090282212256017e-06
-7.895021304655737e-06
1.1904597528374227e-05
-1.750573723549191e-06
-2.164692563874665e-06
1.1809534393800058e-05
-6.84888295195124e-06
9.69292800004845e-06
-1.162499518966531e-05
2.3065969327664136e-06
-1.1426599271397698e-05
-3.106649231520153e-06
1.0788910433662671e-05
4.852378327483683e-06
8.946977395968836e-06
-7.661046046850916e-06
-1.1746117190623573e-05
-4.532893449371578e-08
-1.1497110708998101e-05
1.5428936178535705e-06
-4.439970056636114e-06
-1.0669409499298302e-05
6.781396779032223e-06
-9.269235756353273e-06
-4.838378414360384e-06
1.0414560594847675e-05
-8.54414283608368e-06
-7.647836111093265e-06
-9.439060015743672e-06
6.399169988795111e-06
1.0410705135949493e-05
-4.472101385989594e-06
4.445856037475868e-06
-1.0409062652540074e-05
-6.897522305283232e-06
8.891710767727657e-06
7.905911504829187e-06
-8.005095134725078e-06
7.282286676328908e-06
-8.539773426271769e-06
5.465808859797104e-06
9.73329778998358e-06
-9.744010033407102e-06
5.439908899297269e-06
-7.080814255295116e-06
8.603054039583716e-06
-1.1004778965937989e-05
-1.515917994501792e-06
-1.0927307396476794e-05
-1.720598945429752e-06
1.0871461996462814e-05
-1.954348312571838e-06
1.1024004090487309e-05
-3.252646561451855e-07
5.360972266578258e-06
9.53707699656093e-06
-6.274106797969304e-06
-8.902903253391962e-06
-3.497663588080263e-07
-1.0863754342393579e-05
-3.597802055428338e-06
1.0225875980807652e-05
8.639137128062254e-06
6.546932430820267e-06
5.889616446459939e-06
-9.06587857150995e-06
1.0411956632809166e-05
-2.8531059234037093e-06
-5.21140405048584e-06
-9.453787815545324e-06
7.065273384612603e-06
-8.141235182793298e-06
-6.59194124899165e-06
8.49235169026752e-06
-5.604786310261845e-06
9.074527305055868e-06
8.685404646866165e-07
1.0622408105948984e-05
8.921276797470325e-06
5.7986078313020104e-06
8.203676081144028e-06
-6.7280672580320615e-06
1.0339943143213181e-05
1.6769432142448305e-06
2.1806370067627838e-06
-1.0215756933559348e-05
1.9254767731218257e-06
-1.0262716959462986e-05
7.925642912631279e-06
6.756766807573991e-06
7.052454901168542e-06
-7.5666948959682846e-06
-7.006401637154901e-06
7.4545907468921305e-06
1.371823414685766e-06
-1.012324200049649e-05
-6.705619935113221e-06
-7.63367931666431e-06
7.035272704879817e-07
-1.0116115846334337e-05
-5.262347186984553e-06
8.609430691685737e-06
4.078021864143674e-06
9.159045695125157e-06
8.752169354918127e-06
4.83729681249663e-06
-8.377880992302672e-06
-5.382678533051795e-06
9.835817287807709e-06
-1.189172337598049e-06
1.1273244866683019e-06
-9.754146300622657e-06
5.194711351667297e-06
-8.238290948396565e-06
-1.1902731182778376e-06
-9.66530158315524e-06
6.062885547245545e-06
7.576825695189638e-06
8.512386342337634e-06
-4.543107603176676e-06
-8.436070062498075e-06
4.682526837967702e-06
-7.5213513286884745e-06
6.0076487677862976e-06
-1.9705479189293383e-06
9.411971155293797e-06
-9.151260908359756e-06
-2.825313181914875e-06
9.01379942767555e-06
-3.125608901883764e-06
-4.845493483402019e-06
-7.960310563480899e-06
7.3317769179124525e-06
-5.6403008921541205e-06
-9.056367625744836e-06
9.941074539793274e-07
-8.768603478515547e-06
-2.4549019045496457e-06
-3.905667397040062e-06
8.222112601990385e-06
-7.837323291957688e-06
4.529949367062628e-06
-1.8305169136216825e-06
-8.810847925411202e-06
-8.835617684808442e-06
-1.3237769041360286e-06
-4.62253373207995e-06
-7.637007903382176e-06
-8.53029114600469e-06
-2.1827375078769113e-06
-8.604778120836174e-06
-1.0064318357656949e-06
-2.0149036476595912e-07
-8.543352452737515e-06
6.500275177472585e-06
5.442211531311942e-06
-1.7063591485072943e-06
8.205030435694047e-06
-3.504796799014222e-06
-7.467249815661547e-06
-5.773350932702593e-06
5.610174964553349e-06
-7.244266253714271e-06
-3.38673032926734e-06
-5.203549262492224e-06
-6.003646535393814e-06
7.365706974135522e-06
2.965339482021344e-06
7.92361423562194e-06
8.916282005363984e-08
-7.615246069828385e-06
2.07347826600085e-06
-1.1431110078381386e-06
7.801065556201567e-06
-7.732057790774988e-06
1.3124646101613635e-06
-4.320128257631735e-06
-6.448373362833839e-06
7.631967256570202e-06
-1.0861182112712978e-06
-3.5464468582310087e-06
-6.835154740141264e-06
-7.39270655259125e-07
7.625251962280588e-06
-5.43175888127001e-06
-5.282036866458562e-06
-7.258844534120567e-06
2.169025337950617e-06
-8.046861918266091e-07
7.478919735050375e-06
5.167829644003343e-06
5.445242341333367e-06
2.754555970985145e-06
-6.93673637199807e-06
-1.316920696044277e-06
-7.28367125663823e-06
7.102787299164307e-06
-1.53607888337114e-06
6.412487260109512e-06
-3.386006212643955e-06
1.613702803529571e-06
-6.861949062830775e-06
-1.926255025183906e-06
-6.778048055801913e-06
-5.543658407938836e-06
4.298377996060931e-06
-3.874520897283442e-06
5.626317489435665e-06
6.7323140355321706e-06
-2.3242066305743242e-07
-6.4130387796849934e-06
2.0398628948901656e-06
-1.4787249593770283e-06
-6.5273416835217315e-06
-6.3689387957299725e-06
2.030421474145901e-06
2.6816926678855516e-06
-6.064511740136627e-06
-1.6173298942273596e-07
-6.491117573346306e-06
-2.7197500065469227e-06
5.841955178068514e-06
-2.025875945594759e-06
5.983779054530919e-06
-4.599501108827446e-06
-4.313778578834873e-06
6.123966048199834e-06
1.2951603990335354e-06
-1.249188482253364e-06
-6.113520951004044e-06
-2.497685060616414e-06
-5.717489903956561e-06
-5.9714195698320086e-06
-1.649338917017469e-06
6.023730151215413e-06
-1.4226629375304506e-06
-2.275206885447115e-06
5.651231038010192e-06
-8.138242021034914e-07
-5.961485169475422e-06
5.04483663185902e-06
-3.1793896961074473e-06
-5.9079903916340605e-06
-7.309822775263923e-07
-4.666110596728096e-06
-3.6486319122068287e-06
4.910436610452724e-07
-5.8878855501027225e-06
1.978132169080521e-07
-5.855465905581794e-06
-5.51313518061651e-06
-1.96181761136327e-06
-8.35380475689207e-07
5.752641331970714e-06
-5.30734472206474e-06
-2.088910473446035e-06
-5.441530766034899e-06
1.3085304582477995e-06
-2.6271506813833544e-08
-5.540828678523416e-06
5.2034326558447235e-06
-1.1518984884523795e-06
-4.3532308760412334e-06
-2.9898519280708683e-06
1.3400810936358698e-06
-5.102105157622882e-06
-4.8905176021718995e-06
-1.941630406144137e-06
-1.5268317483203876e-06
5.005595201505793e-06
-2.899755276746532e-06
-4.196866084008877e-06
-3.0369224971639532e-06
4.032455201046982e-06
2.774690901185678e-07
4.983271229524924e-06
-4.866884866711288e-06
7.512006817811112e-07
-1.8011799761507539e-06
-4.4004350954968265e-06
-4.157256663972125e-06
2.2868282928563287e-06
3.908241724434769e-06
-2.463152968266116e-06
-1.729449680073561e-07
4.5683886842019515e-06
-4.250762094878496e-06
1.6321011730093814e-06
-5.826933231055375e-09
4.465799428022051e-06
-4.0495586033597595e-06
1.856170978411259e-06
3.6233230279898722e-06
2.5177626883980953e-06
-2.5329458644348657e-06
3.157939990603674e-06
-3.3571981811357026e-06
2.2364276302012202e-06
-1.942216058896419e-07
-4.025037708052301e-06
3.8004565417711147e-06
8.885536657656408e-07
-2.917658544994678e-06
2.4934264104266577e-06
7.286233064708048e-07
-3.758019361697838e-06
-3.4682420693631367e-06
-1.418375230675728e-06
3.432171056041017e-07
3.6584753052262763e-06
-3.453322410719821e-06
7.087387551743748e-07
1.751847628393477e-06
2.669727951455675e-06
1.6156068041494608e-06
-2.4026928411894356e-06
-9.214359708785094e-07
2.6610725801312976e-06
-2.2942471104588356e-06
-1.6274321506715705e-06
-2.7358600768081083e-06
-6.487810089826352e-07
-4.82879349831794e-07
2.673498663384206e-06
5.486178208556416e-07
2.252007078165079e-06
1.1816537941008557e-06
1.9662644503857343e-06
2.144843018824702e-06
1.1458730373233028e-07
1.6737840900633016e-06
1.2368977502215246e-06
1.3516228268028453e-06
-1.5082210777155776e-06
-1.3273416901020685e-06
-1.4721926152628795e-06
-7.158688390002111e-07
-1.414956807497092e-06
-1.5690289804982244e-07
-1.5534296196450247e-06
0.0
0.0
0.0
0.0
0.0
0.0
0.0
0.0
0.0
0.0
0.0
0.0
0.0
0.0
0.0
0.0
0.0
0.0
0.0
0.0
0.0
0.0
0.0
0.0
0.0
0.0
0.0
0.0
0.0
0.0
0.0
0.0
0.0
0.0
0.0
0.0
0.0
0.0
0.0
0.0
0.0
0.0
0.0
0.0
0.0
0.0
0.0
0.0
0.0
0.0
0.0
0.0
0.0
0.0
0.0
0.0
0.0
0.0
0.000373152913188
0.000534092355742
0.000639926513728
0.000598997662537
0.000697337396432
0.00053168291661
0.000468452382268
0.000485833126568
0.000581240544617
0.000581360031995
0.000480184144175
0.00045459956609
0.000475052212873
0.000442419600308
0.000367334886846
0.000751558290844
0.000551728074727
0.000794831525574
0.000569341940648
0.000483831277317
0.000460440244853
0.000576424043087
0.000398106987182
0.000436507492832
0.000501163473247
0.000324824964552
0.000392615041346
0.000597669677455
0.000436999460384
0.000477491051449
0.000363749847326
0.000515386893316
0.000433451283973
0.000296285795347
0.000501765392561
0.000423732296561
0.000551974925834
0.00052034884749
0.00037620878066
0.000320353254034
0.000661975361813
0.000680376227169
0.000486185830526
0.000352635419298
0.000454479991463
0.000500193586905
0.000474584823453
0.000161438669204
0.000479959829212
0.000276843083732
0.000372875400436
0.000513965646697
0.000397382541803
0.00047010202424
0.000420177609341
0.000411676945664
0.000385839866577
0.000429614708565
0.000561274950222
0.000411596511231
0.000283476023136
0.000488447149759
0.000414195823171
0.000399015521378
0.000461956775811
0.000523572364795
0.000403914531342
0.000506054420766
0.000419193668751
0.000580697800352
0.000358943564808
0.000423352003756
0.000414223559616
0.000429798847037
0.00047762842484
0.000518220517922
0.000577088826293
0.000650553498228
0.000403355551146
0.000384976694765
0.000351043519214
0.000666342400233
0.000430809642092
0.000449472843933
0.000525067993913
0.000356225017578
0.000396443420759
0.000403817359754
0.000458752382938
0.000501325983165
0.000313437700018
0.000507893690357
0.000739175836515
0.000459985147312
0.000431451372349
0.000433478391459
0.000359096351367
0.000449159718415
0.000407715314488
0.000377569438457
0.000572926491697
0.000379363541352
0.000407244554857
0.000395067016225
0.00039156146152
0.000442198764163
0.000477296827066
0.000321323607293
0.000526966145959
0.000495767551574
0.00036916158213
0.000451590118347
0.000467665972798
0.000449913627665
0.000326733282949
0.000481577110265
0.000308634028991
0.00047661528831
0.000375684468138
0.000484676010933
0.000330511186291
0.000380200730881
0.000359361961399
0.000463571842505
0.000529849161497
0.000438713089949
0.00049770408151
0.000393120006672
0.000391555967682
0.000451773801921
0.000630271318178
0.000422386462562
0.000419752759116
0.000498160899561
0.000633713103095
0.000451775154824
0.000183490245047
0.000451899550768
0.000341467080252
0.000431584955524
0.00046369516294
0.000516858532472
0.00036457817209
0.000360340345415
0.000358654466701
0.000626795492555
0.000452263540058
0.000344384871907
0.00046543161134
0.000281235939725
0.000322433754167
0.000314815331764
0.000248974771947
0.000493961496855
0.000466616756652
0.000405832467658
0.000388320800038
0.000377789492714
0.000362198881551
0.000437481029251
0.00042805472521
0.000276821433309
0.000516787888295
0.000346805729791
0.000285279317043
0.000356719718995
0.000381099494616
0.000368443625006
0.000366540296597
0.000408328300781
0.000456761514495
0.000496029468627
0.000487328682042
0.000398852496974
0.00046637788505
0.000410697640231
0.000304977249635
0.000323958265187
0.00043861418637
0.000383750130299
0.000322336139428
0.000378865285083
0.000457955868511
0.000514547767255
0.000609053874419
0.00047345616401
0.000270510979058
0.000408604022359
0.000466553484429
0.000482956907488
0.000571700894734
0.000274680611066
0.00031429755236
0.000540107630043
0.00037870044354
0.000401280943049
0.000494904807562
0.000320632092705
0.000345773026704
0.000515032389736
0.000471471442603
0.00031135280574
0.000675756084853
0.000423131433305
0.00047704389377
0.000508543014802
0.000430027769256
0.000334885596474
0.000326101913495
0.000310081746622
0.000373763638289
0.000398465989336
0.000325298537807
0.00051412478246
0.00031303399515
0.000494949010901
0.000446565744216
0.000484689157541
0.000323602530171
0.000679806128398
0.000595641473125
0.00034983271372
0.000314579498282
0.000307134423668
0.000269021557345
0.000325341077278
0.000360035801808
0.000384091526723
0.000541999924223
0.000361636566197
0.000297002184104
0.000311693768002
0.000375638595534
0.000603959934175
0.000396555421865
0.000354925606538
0.000290036523518
0.000456835160799
0.0004650257671
0.000213628417678
0.000563226072084
0.000233701781996
0.000416786025532
0.000303729131811
0.000503067229857
0.000282076811143
0.000338953723794
0.000242738431058
0.000305231525861
0.000580269223068
0.00041013147513
0.00033193125031
0.000496283267603
0.000378326830364
0.000413337599779
0.000414953730547
0.000494974727315
0.000366563951594
0.000435211710968
0.000333215571952
0.000436673893349
0.000431112988587
0.00040155015811
0.000431983560274
0.00048286596875
0.000399045404974
0.000280823340267
0.000203374914252
0.000447186652249
0.000282305064464
0.000340412289007
0.000263522335106
0.00038534798434
0.000401228643246
0.000402504937275
0.000259459238932
0.000433936217634
0.000232411519116
0.000271160825252
0.000285598928761
0.000314835373097
0.000336396993259
0.00056465698555
0.000453529576337
0.000218778421236
0.000446781153475
0.000381058180158
0.000353273054048
0.000243372482541
0.000266576122936
0.000234515827879
0.000230395662293
0.000509186632898
0.000401799065389
0.000406909867005
0.000380272913214
0.000301538583353
0.000433567303198
0.000315725497241
0.000471938334087
0.00032048413701
0.000264373025702
0.000410964493239
0.000382779319688
0.000441990422854
0.00033403282883
0.000399113124929
0.000257959619239
0.000216703384587
0.00031383490145
0.000274453580235
0.000435590844805
0.000385773071067
0.000255975757831
0.000367749520376
0.000424925179917
0.000549533652081
0.00039188216279
0.000425319724688
0.000507357698401
0.000294878937503
0.000229364425479
0.000323102636128
0.000323443504476
0.000272649635842
0.000326269475842
0.000467562842098
0.000342879321404
0.000345589299212
0.000412667349838
0.000426458215439
0.000257320398421
0.00039155926527
0.000448826227308
0.000308610867615
0.000243416635636
0.000871316608032
0.000425860829109
0.000449587406608
0.000429559852703
0.000378566077348
0.000208560905775
0.000271034507967
0.000440871190402
0.00026490320007
0.00044531384258
0.000317526500905
0.000317849918198
0.000247205729329
0.000389440601028
0.000261886069468
0.000389235862069
0.000356528721817
0.000421269712756
0.0003888392039
0.000347764228684
0.000337778422436
0.000464929916476
0.000290451446641
0.000126743193882
0.000363645153248
0.00024820901949
0.000230475922456
0.00030859188609
0.000163975567674
0.000294266740219
0.000225473218065
0.000253776312595
0.000506525348155
0.00030898239434
0.000470544435841
0.000305601301346
0.000387786509718
0.000267250121786
0.000446157669478
0.000277533497493
0.000283008084457
0.000277127842116
0.000523428781275
0.00040136741342
0.000484006865434
0.000308786818039
0.0003580890993
0.00036282157982
0.00041656092956
0.000518349335481
0.00052962859534
0.00033479822633
0.000497666613917
0.000402169010458
0.000435253487449
0.000423856473175
0.000292457233562
0.00027910668949
0.000128242262481
0.000363855930517
0.000257238351838
0.000422982897718
0.000467094145184
0.00032130867903
0.00064293315818
0.000371137272538
0.000346206761043
0.000543860171123
0.000410494225111
0.000501646177139
0.000362912915266
0.000330223074006
0.000376750228207
0.000323563158623
0.00065133171202
0.000271041314636
0.000514980942071
0.000388696870865
0.000589860151455
0.000448322329748
0.000429657835975
0.000632593797691
0.000447412565302
0.000391812005641
0.000419058119091
0.000323633864716
0.000247852032967
0.000270269060671
0.00041554633119
0.000508331970745
0.000343908443444
0.000491310195059
0.000280173496182
0.000414260904391
0.00047142151669
0.000360269411142
0.000341697032822
0.000248420443118
0.000346286790796
0.000311770664759
0.000255800988883
0.000366264903664
0.00027465456424
0.00047881548179
0.00050392740336
0.000409485302823
0.000247643762755
0.000400433521756
0.00065872864434
0.000551957622709
0.000360450621879
0.000213165078919
0.000503341926656
0.000377510625069
0.000148986909429
0.000205145561839
0.000243856997882
0.000365504589051
0.000230433361968
0.000469732763161
0.000473152164076
5.86083619322e-05
0.000232259926588
0.000439494057643
0.000638875618897
0.000331609375031
0.000274765862296
0.00041255919059
0.000336886706287
0.000165213881913
0.000455502395857
0.000408681869789
0.000223236601613
0.000498971453762
0.000192822598452
0.000356101655183
0.000174453982888
0.000400277763976
0.000424398978867
0.000493934131173
0.000484198943466
0.000479351759555
0.000287834953282
0.000313776960489
0.000361755242118
0.000541719504787
0.000420672474623
0.000431960135458
0.000478776031467
0.000302990852794
0.000324320121037
0.000167329840523
0.000613767461009
0.000280020774166
0.00042585847731
0.000236791273932
0.000490075081073
0.00036614091014
0.00026417387539
0.000241282157733
0.000308524834167
0.000360669957346
0.000566032544722
0.000459891822531
0.000273397405785
0.000455131667095
0.000352747787739
0.0004988755582
0.000455251149968
0.000322684249624
0.000495048794556
0.000375746234205
0.000346948995996
0.000411157576609
0.000436997167954
0.000317217906089
0.000434881626928
0.000394851182235
0.000393908203984
0.000395799638759
0.00041359853569
0.000427136256438
0.000466165232797
0.00038190471046
0.000347497582459
0.000372373944655
0.000498171329658
0.000358515330097
0.000538092587353
0.00054235026196
0.000490991229076
0.000275816023917
0.000247323636
0.000330745382197
0.000255663109596
0.000278039162778
0.000385366015098
0.000267818047874
0.000597659802596
0.000681282487708
0.000512951137279
0.000398954332303
0.000450412188489
0.000560503927983
0.000455567403443
0.00044136025075
0.000666817595605
0.000316184551588
0.000446616463454
0.000531564614976
0.000479732381137
0.000475578225355
0.000529389755999
0.000407148255857
0.000479481544057
0.000418057539733
0.000354945813471
0.000367172409526
0.000314971206359
0.000243485265609
0.000357162761364
0.000594609118962
0.000456022449073
0.000416928916607
0.000403471932104
0.000405237291467
0.000524849178909
0.00049456285315
0.000526416620396
0.000486406526588
0.000383791008777
0.000276642831725
0.000288849277111
0.00038816821237
0.000329805961198
0.000360527685625
0.00038785197897
0.000507829798839
0.000406538702921
0.000494914723243
0.000395944693422
0.000158801808518
0.000443088534162
0.000445215571884
8.31033805776e-05
0.000618858016693
0.000267847777595
0.000501052503859
0.00055786867622
0.00039585408445
0.000449866723569
0.00037316187319
0.000414833969858
0.000363224608139
0.00027184187668
0.000510269213677
0.000369779457384
0.000586376206538
0.000310825204149
0.000515502552312
0.000483679004461
0.000390705443821
0.000495111214932
0.000368239475998
0.000405222190129
0.000237333074066
0.000166777264371
0.000530705568442
0.000278162716315
0.000103629917292
0.000124289865402
0.000447177578556
0.000391423169677
0.000396286214653
0.000320746732162
0.000369313157936
0.00038166079277
0.000476650512103
0.000497298285127
0.000403014153641
0.000560695014211
0.000420706314134
0.000465812060201
0.000377159870994
0.000336419414859
0.000412022570826
0.000536018484408
0.000351065386451
0.000563216499011
0.000359240230033
0.000532645104118
0.000477377488874
0.000249660768054
0.000781217250684
0.000394190062441
0.000383624139836
0.000441254905596
0.000355581552788
0.00037605061352
0.000418204386642
0.000421780951427
0.000522328608679
0.000363624633843
0.000381582044401
0.000249781578607
0.000490590630694
0.00025122499884
0.000521692044621
0.000467141391277
0.000351804252108
0.000320950650269
0.000337342098982
0.000471837016967
0.000436474514866
0.000188658040743
0.000597797937158
0.000247916127109
0.000405463329116
0.000407723193253
0.000345581561897
0.000360523242125
0.000243181648909
0.000502525386882
0.000352994560096
0.000447573508059
0.000498406618507
0.000558342925067
0.000277451210153
0.000214659032094
0.000551965506794
0.000511815236089
0.000390531757188
0.00044494066287
0.000477856487274
0.000335841181164
0.000380202646784
0.000386686320532
0.000610288043177
0.000366899008601
0.000533579294645
0.000330820773406
9.87029472601e-05
0.000654245874682
0.000410445313468
0.000799009120889
0.000396903404847
0.000524274330626
0.000269353227976
0.000399216802738
0.000397682133132
0.000418363763084
0.000440809451224
0.000299290753242
0.000457185912213
0.000279611682683
0.00044630407935
0.01
0.000549811602798
0.000369723846457
0.000448978101482
0.000243537153323
0.000419690428746
0.000434736614162
0.000520797901057
0.000350810667521
0.000439153596967
0.000549385680771
0.000452761946454
0.000451465616508
0.000292535418425
0.000421875401599
0.000454055552267
0.000500323035896
0.000446746806358
0.00040606717271
0.000540945288061
0.000380425002744
0.000370117540488
0.000420601961828
0.000391389168807
0.000524197579353
0.000318985824477
0.000486688279697
0.000416334701593
0.000368416793031
0.000411681483559
0.00034332768472
0.000367339995463
0.000382388945906
0.000371665608878
0.000482083710853
0.000471662008174
0.000468728042931
0.000287521119657
0.000331068775823
0.000432736862653
0.0003660255112
0.000404205934378
0.000380266303558
0.000310691441831
0.000487017994529
0.000252882191419
0.000418342012866
0.000504473055738
0.000455496831769
0.000575378936124
0.000380435285495
0.000580649274002
0.00042690844752
0.000193979266897
0.000325972144454
0.00043733221407
0.00047803729841
0.00040894081715
0.000418402925858
0.000225570583276
0.000469954911988
0.000391987296727
0.000352115607439
0.000213446783811
0.000670304747491
0.000504644314293
0.000351129428342
0.000219046469192
0.000348811124705
0.000419162005683
0.000537297281175
0.000329108474851
0.000517710890552
0.000319099436178
0.000586641396706
0.00045140685113
0.000402503689737
0.000319653555685
0.000390215573484
0.000651300221759
0.000324961818022
0.000454391831159
0.000371754631954
0.000366073286897
0.000382724062315
0.000440738479825
0.000630228216372
0.000635118140379
0.000634955567978
0.000488778283871
0.000468331459426
0.000406269560764
0.000462586542978
0.000404431188996
0.000450707682068
0.000472317360487
0.000465891370606
0.000159458825728
0.00064483796831
0.000251742964263
0.000361287594304
0.000513471374875
0.000431642427587
0.000261068971099
0.00040891153371
0.000521786326129
0.000260710777306
0.000543783068711
0.00036303268804
0.000334139140744
0.000402437711933
0.000321212777055
0.000138795354255
0.000377810870516
0.000517027097184
0.000460229160984
0.000396502853673
0.000481424708065
0.000460037973361
0.000428606018167
0.000257119277754
0.000573594994385
0.000476454603473
0.000493737626154
0.000353339503397
0.000358303999988
0.000418949332584
0.000226589525576
0.000383505084314
0.000602702423604
0.000589042445368
0.000364562525632
0.000385357770218
0.000306910262502
0.000352948717825
0.000368516274928
0.000373506286308
0.000309878199758
0.000368528212561
0.000399229248162
0.000388980285108
0.000482059707162
0.000428163864842
0.000373848172041
0.000356494789055
0.000639260801523
0.00044153595338
0.000357892236425
0.000288211134586
0.000369052510361
0.000378605710305
0.00045966540388
0.00041536214473
0.000299485613336
0.000436953559324
0.000559936765795
0.000475031844985
0.00037875851549
0.000445151662979
0.000484823869694
0.000352038569386
0.000396926563538
0.000427474829954
0.000304051577649
0.000452065276647
0.000629271163831
0.000124714868434
0.000362327335101
0.000461129660435
0.000328247061609
0.000290174109564
0.000400888445087
0.000376343588738
0.000385530803987
0.00033654429082
0.000460232837606
0.000370263694824
0.000710357110949
0.000228003873733
0.000421610947816
3.68588392247e-05
0.000378779659885
0.000433579838784
0.00034096663066
0.000275686513
0.000346013557742
0.000381441789208
0.000392216321904
0.000341469509765
0.000385446605226
0.000518079627863
0.000326500791793
0.000359796761522
0.000455921490359
0.000332522146746
0.000164621638494
0.000344936580511
0.000245138443978
0.000382551280569
0.000336944121727
0.00028331444482
0.00025996348985
0.000313424361325
0.000251454864981
0.000270629407327
0.000362701908976
0.000350193866126
0.000424113639098
0.000274321469208
0.000684184123047
0.000377653805896
0.000541688044475
0.00050393635673
0.00033187776838
0.000232450104166
0.000436827520643
0.000267459009844
0.000175457612676
0.00021809106502
0.00047951251413
0.000479187973176
0.000313078878846
0.000298677288465
0.000257287499975
0.000333544343272
0.000310629583396
0.00038907841706
0.000300575962244
0.000443855424172
0.000387059164106
0.000428744736714
0.000343680163555
0.000349545715192
0.000279728840712
0.000282134793808
0.00033229444948
0.000313984921066
0.000348541826762
0.00040723789608
0.000328316740342
0.000333428103502
0.000346117692728
0.000278595789393
0.000310199775766
0.000753547480453
0.000246731165417
0.000337570255874
0.0002852591395
0.000385237930421
0.000380630100894
0.000330464006077
0.000341603224945
0.000263052480728
0.000326275531888
0.000352333935786
0.000411115992558
0.000472985615685
0.00035495621081
0.000492075290587
0.000298283062485
0.00037178592643
0.000450841446477
0.00045455086618
0.000187539870661
0.000211139692725
0.000120002115728
0.000294950274935
0.000260353588888
0.000256827641497
0.000306384698666
0.000333693261568
0.000202487327757
0.0002573887834
0.000239961595713
0.000366153247123
0.000286015081378
0.000328268282091
0.000379602693891
0.000266822627097
0.000664055011069
0.000302581927309
0.00017691397516
0.000301693309967
0.000264557083472
0.000127515386594
0.000200194533253
3.14810799705e-05
0.000277998070873
0.000251469864058
0.000102266506505
0.000264930492749
0.000191412391148
0.000174650897163
0.000342583507333
0.000221627925964
0.000175166317499
0.000331644934789
0.000287279461262
3.52028732409e-05
0.000123708157101
0.000144770393268
3.273564021e-05
0.000244666893851
0.5
0.5
0.5
0.5
0.5
0.5
0.5
0.5
0.5
0.5
0.5
0.5
0.5
0.5
0.5
0.5
0.5
0.5
0.5
0.5
0.5
0.5
0.5
0.5
0.5
0.5
0.5
0.5
0.5
0
