0.0290597320457
0.0557632696012
0.0376991118431
0.053407075111
0.0628318530718
0.0714712328692
0.106028752059
0.0447676953137
0.061261056745
0.0918915851175
0.132732289614
0.0486946861306
0.204988920647
0.0997455667515
0.208915911464
0.0109955742876
0.131161493287
0.0824668071567
0.0871791961371
0.109170344712
0.120165919
0.102887159405
0.187710161052
0.0895353906273
0.182997772072
0.211272105954
0.0848230016469
0.246615023307
0.0424115008235
0.140586271248
0.193993346359
0.0801106126665
0.138230076758
0.12723450247
0.429612795378
0.40919244313
0.614181363777
0.113882733693
0.555276501522
0.405265452313
0.0667588438888
0.226194671058
0.253683606777
0.252112810451
0.553705705195
0.181426975745
0.734347282777
0.29138271862
0.416261026601
0.212842902281
0.318871654339
0.118595122673
0.185353966562
0.370707933124
0.437466777012
1.00373885282
0.163362817987
0.384059701901
0.352643775365
1.04693575181
0.373064127614
0.674657022358
0.175929188601
0.414690230274
1.02494460323
0.285099533313
0.260752190248
0.207345115137
0.755553033188
0.145298660229
0.305519885562
0.192422550032
0.552134908868
0.761836218496
0.898495498927
0.218340689424
0.201847327993
0.363639349653
0.263108384738
0.313373867196
0.322798645156
0.766548607476
0.919701249338
0.428041999052
0.152367243699
0.381703507411
0.174358392274
0.642455697659
0.349502182712
0.24504422698
0.861581785247
0.000785398163397
1.01316363078
0.458672527424
0.476736685182
1.0642145114
0.158650429006
0.951902574038
0.301592894745
0.287455727803
0.53407075111
0.289811922294
0.953473370365
0.948760981384
0.168075206967
0.376991118431
0.317300858013
0.907134878724
0.65188047562
0.958971157508
0.960541953835
0.704502152568
0.541924732744
0.955044166691
0.880431341169
0.98017690792
0.648738882966
0.61025437296
0.822311877077
0.241902634326
0.222267680241
0.522289778659
0.790895950541
0.339292006588
1.01159283446
0.333008821281
1.07756628018
0.662876049907
0.232477856366
0.420188017418
1.20480078265
0.510508806208
0.591404817038
0.546637121725
0.61261056745
0.171216799621
0.327511034137
1.04300876099
0.85765479443
0.471238898038
1.06578530773
0.422544211908
1.17181405979
1.06264371508
0.670730031541
0.757123829515
0.386415896392
0.969181333632
0.525431371313
0.717068523182
0.344789793731
0.824668071567
0.810530904626
0.688008791136
0.387986692718
0.971537528123
0.267820773719
1.23307511653
0.479878277836
0.944048592404
0.888285322803
0.750055246045
1.13018795713
0.499513231921
0.397411470679
0.33065262679
0.827024266058
0.846659220142
0.676227818685
0.677798615012
0.432754388032
1.00923663997
1.30140475675
0.696648170934
0.956614963018
0.905564082397
0.475165888855
0.73277648645
0.798749932175
0.297665903928
0.490873852123
0.69821896726
0.918130453012
0.886714526476
1.21501095878
0.341648201078
0.581194640914
0.764977811149
0.721780912162
0.501869426411
0.922057443829
0.686437994809
0.973108324449
1.32261050716
0.633816317862
1.23150432021
1.05007734446
0.947190185057
0.915774258521
0.771260996456
0.567842872136
0.780685774417
0.518362787842
0.237975643509
0.73748887543
0.812101700953
0.561559686829
1.25663706144
1.47340695453
0.520718982333
0.788539756051
0.839590636672
0.450033147627
1.081493271
1.20322998632
0.439822971503
0.282743338823
0.691935781953
1.10112822508
1.05478973344
0.424900406398
0.931482221789
0.586692428058
0.336150413934
1.15296450387
0.875718952188
0.720210115835
0.98253310241
0.593761011528
0.870221165044
1.02730079772
1.22836272755
0.576482251934
1.36580740615
1.18202423591
0.711570736038
1.22993352388
0.97546451894
0.473595092529
1.23464591286
1.1458959204
0.148440252882
0.988816287717
1.03122778854
0.689579587463
0.682511003992
1.15453530019
0.830165858711
0.61732295643
0.81367249728
0.530143760293
1.1372565406
0.93383841628
0.486161463143
1.07521008569
1.07992247467
1.32103971083
0.505011019065
0.631460123372
0.399767665169
1.27470121919
0.418617221091
0.620464549084
0.483019870489
0.73984506992
1.30925873838
1.24564148715
0.741415866247
1.15846229101
0.624391539901
1.28805298797
1.11526539202
1.19144901387
1.22365033857
1.04143796467
0.484590666816
0.447676953137
1.12311937366
1.32732289614
0.986460093227
0.357356164346
1.19851759734
0.259181393921
1.26292024674
0.832522053201
0.466526509058
1.14903751305
0.841946831162
1.05871672426
1.26134945042
1.00766584364
0.845088423816
1.47183615821
0.493230046614
0.655022068273
1.03279858487
0.584336233568
0.941692397914
0.603185789489
1.32575209981
0.309446876379
1.35952422084
0.991957880371
0.828595062384
1.16396007816
1.4333516482
1.14353972591
1.17338485612
1.53074102046
0.545066325398
0.900851693417
1.30768794206
0.599258798672
0.715497726855
1.08777645631
1.69096224579
1.24407069082
1.2165817551
0.746913653391
1.40193572166
0.627533132555
1.31082953471
1.14039813325
0.753982236862
0.893783109946
1.2487830798
1.05321893712
0.589834020711
0.57098446479
1.0170906216
1.16238928183
0.742986662574
1.21108396796
1.06892690038
1.45926978759
0.365995544143
0.885143730149
0.709999939711
0.375420322104
1.1050552159
0.673086226032
0.706858347058
1.48518792698
0.77911497809
1.12154857733
1.60456844782
1.58728968823
1.53702420577
0.849015414633
1.41999987942
1.26920343205
0.279601746169
1.33831847043
0.835663645855
1.53466801128
1.02258840874
0.435895980686
1.12547556815
0.56627207581
1.31397112736
0.90399328607
1.13332954978
1.10976760488
0.82074108075
1.37366138778
0.852157007286
1.562156947
0.640099503169
1.35716802635
1.29119458063
1.18045343959
1.28255520083
1.03829637201
1.24249989449
1.34695785023
0.668373837051
1.46162598208
1.50325208474
0.235619449019
0.962898148325
0.801891524829
1.43178085187
1.3775883786
0.666017642561
0.838019840345
0.469668101712
0.636172512352
1.36423660982
0.817599488097
1.60299765149
0.294524311274
0.805033117482
0.489303055797
0.270962366372
1.39094014738
0.559203492339
1.31240033104
1.46319677841
0.695077374607
1.18987821755
1.28412599715
1.5857188919
0.548993316215
0.911061869541
0.856083998103
1.29590696961
0.808960108299
1.34381625757
1.20087379183
1.53231181679
1.59828526251
1.51503305719
1.56765473414
1.21344016245
1.25506626511
0.999026463842
1.57158172496
1.3862277584
1.61477862395
0.274889357189
1.70431401457
1.4977542976
1.47654854719
0.978606111593
1.35167023921
1.47811934351
1.33439147961
0.256825199431
1.70274321825
1.3925109437
1.10348441957
1.51738925168
0.878075146678
0.391913683535
1.22600653306
1.480475538
1.54959057638
1.68389366232
1.11290919753
1.50168128842
1.23857290368
1.5126768627
1.15689149468
1.54801978006
0.248971217797
1.62498880007
1.45298660229
0.775973385437
1.1286171608
1.5943582717
1.52838482597
0.539568538254
1.62341800374
0.926769832809
1.40586271248
1.03515477936
1.38151536942
1.48675872331
1.56058615067
1.33124988696
0.497942435594
1.68939144947
0.444535360483
0.155508836353
1.30533174757
1.58414809557
1.11919238284
0.966825139142
1.39957952717
1.65169233762
0.8969247026
0.661305253581
0.783041968907
1.19616140285
1.18830742122
1.72866135764
1.27313042287
1.65561932844
0.606327382143
1.4506304078
1.57786491027
1.61242242945
0.464170314568
0.86001098892
1.25977865409
1.55116137271
1.74986710805
1.85118347113
1.09563043794
1.68624985681
1.44434722249
1.73494454294
1.86060824909
1.73180295029
1.45455739861
1.62184720742
1.6265595964
1.69488923661
1.59985605884
1.08620565998
1.27941360817
1.41764368493
1.62970118905
1.64776534681
1.61713481844
0.402909257823
1.58100650292
1.72551976498
1.54095119659
1.1694578653
1.77107285846
0.93855080526
1.37523218411
1.4891149178
0.867079572391
1.67446888436
1.46869456555
1.44042023167
1.39643793452
0.215199096771
0.995099473025
0.394269878026
1.17652644877
1.70981180172
1.93679187094
1.09955742876
0.864723377901
1.36816360064
1.78756621989
0.702145958077
1.74751091356
1.76400427499
1.77814144193
1.75222330254
1.31946891451
1.76636046948
1.58257729925
2.03103965055
1.75536489519
1.80484497949
1.66033171742
1.82683612806
1.83311931337
1.20951317163
0.563915881319
1.93050868563
1.82212373908
1.8990927591
1.87710161052
1.96192461217
1.44277642616
0.913418064031
1.83154851704
1.61949101293
1.85589586011
1.88888258297
0.516791991516
1.81426975745
2.07423654953
1.48361713066
1.82447993357
1.49225651046
1.77657064561
1.09091804896
0.727278699306
1.76243347866
1.5448781874
1.89123877746
0.495586241104
1.27705741368
1.19380520836
1.10819680855
1.87160382338
1.86767683256
1.78285383091
1.71216799621
1.60849543864
1.81898214643
1.16631627265
0.453960138444
1.89752196277
1.74044233009
1.4247122684
1.90144895359
2.12842902281
1.6501215413
1.97763257543
1.37209059146
2.10643787423
1.91008833338
0.368351738633
1.84882727664
1.6650441064
0.508152611718
2.13471220811
1.38465696207
1.96820779747
1.31711272002
2.04360602116
0.81602869177
1.5535175672
1.79306400704
1.83704630419
1.86453523991
1.79699099785
1.92422550032
1.0021680565
0.362068553326
1.63912596701
2.09151530913
1.77421445111
0.797179135848
1.72709056131
2.01219009462
1.85353966562
0.794037543195
1.66818569906
1.79934719234
1.50953527005
1.72002197784
1.78913701622
1.52210164066
1.55901535434
1.46712376923
2.19204627404
1.15139370754
1.87474541603
1.94464585257
1.71688038519
1.83940249868
2.07266575321
1.38936935105
1.25271007062
1.84647108215
1.75850648785
1.88731178664
2.03575203953
1.52602863148
2.24466795099
1.2660618394
2.06009938259
2.0899445128
2.17162592179
1.98391576074
2.02161487259
1.73887153376
2.01768788177
2.31849537835
1.96349540849
2.10094008709
2.15827415302
2.13235601362
1.99569673319
2.03967903034
1.49618350127
0.19870573534
1.59278747537
2.77245551679
2.12685822648
2.22895998772
2.69391570045
2.00983390013
2.00512151115
1.75379409887
2.00276531666
2.14256618975
1.69803082927
1.93522107461
2.27844007202
1.89280957379
1.63362817987
2.16848432914
1.90851753706
1.81112816479
1.57472331761
1.85903745276
2.55725642002
2.35226749938
2.06795336423
2.11664805036
2.14020999526
2.6177320786
1.78599542357
1.67839587518
2.41588475061
1.84332948949
1.58964588272
1.8818139995
2.07580734586
2.69234490413
1.99805292768
2.11507725403
1.78049763642
1.95721222319
1.92029850951
2.40567457449
2.77088472047
2.01533168728
2.58631615207
2.28158166467
2.62165906942
2.04674761381
2.08523212382
1.07128309487
2.32085157284
2.31692458202
2.2980750261
2.83293117537
2.29493343345
1.41057510146
2.25252193262
1.41371669412
1.87867240685
2.10486707791
2.22032060792
2.05695778994
2.07973433668
2.54547544757
2.53919226226
2.83136037905
2.5062055394
1.95407063053
2.18497769057
2.20853963547
2.33813033243
2.31064139672
1.59671446619
2.23053078405
2.5556856237
2.52741128981
2.47793120552
2.18733388506
2.32556396182
2.39389360204
2.19047547772
2.40096218551
2.03732283585
1.94778744523
2.52269890083
2.63579623636
2.34598431407
2.34284272141
2.0341812432
2.16612813465
2.15591795853
2.34991130489
2.22581839507
1.22207954225
2.25409272895
2.76067454434
2.4975661596
2.90675860273
2.41981174143
2.62558606024
2.50463474307
2.11115026321
2.6907741078
2.54940243839
2.05460159545
2.05852858626
2.0985838926
2.39232280571
2.66092897759
2.15984494934
1.82919232255
2.33263254529
2.08287592933
2.50070775226
2.55332942921
1.95956841768
2.47086262205
1.802488785
2.38525422224
2.43080731572
2.76303073883
2.52112810451
2.28550865549
1.95092903788
2.2336723767
1.99019894605
2.76774312781
2.4740042147
3.01749974377
2.39860599102
2.60752190248
2.50777633573
2.58867234656
1.74279852458
2.27137148855
2.65935818126
2.49913695593
2.35697988836
2.45986704776
2.37504404611
1.97213478829
1.98155956625
1.67132729171
1.90694674073
1.17888264326
2.19675866302
2.76538693332
2.36719006448
2.30907060039
2.59181393921
2.49520996511
1.9870573534
2.02632726157
2.27686927569
2.2509511363
2.2423117565
2.68606171882
2.26822989589
2.48107279817
2.44965687164
2.48421439083
2.12136043934
2.98529841907
3.04577407766
2.78266569292
2.77559710945
2.0663825679
2.41195775979
2.06245557708
2.63422544004
1.9289378893
2.84157055517
2.59731172636
2.72376083066
2.14963477322
2.56511040166
2.36561926815
2.52898208614
1.96585160298
2.69784269127
2.53290907696
3.01985593826
2.19440246853
2.78030949843
2.50934713205
2.05224540096
2.49363916879
2.73946879393
1.922654704
2.91461258437
2.82978958272
2.42766572306
2.84706834232
2.83999975885
2.44415908449
0.731205690123
2.96801965948
2.42609492673
2.02868345606
2.9868692154
2.35462369387
2.38289802775
2.51405952104
2.70412587658
2.63108384738
2.58081836492
2.92089576968
2.56982279064
2.99236700254
2.90440240824
2.04988920647
2.30278741508
2.67192455188
2.80308604517
2.68056393168
2.91775417702
2.87691347252
2.91147099171
1.44670341698
2.16377194016
2.95780948335
2.66878295922
2.201471052
2.1135064577
2.21560821894
2.61301968962
2.29179184079
2.70648207107
2.17947990343
2.26508830324
1.63598437436
2.79444666537
2.96016567784
2.75124976638
2.3302763508
2.80701303598
3.01592894745
2.23681396936
2.58474535574
2.71040906188
2.45515465878
2.75910374802
2.4355197047
2.59966792085
1.93993346359
2.74967897005
2.65150419963
3.03163691071
2.94053072376
2.51170332655
2.30592900773
3.03320770704
2.94288691825
2.44651527898
2.4653648349
3.04106168867
2.44023209368
2.82664799007
2.89576302845
3.07012142072
2.40881616714
2.39075200938
2.93817452927
2.8195794066
2.95152629805
2.92403736233
2.26980069222
2.95623868703
2.25801971977
2.83842896252
2.68370552433
2.60595110615
2.99079620622
2.71355065454
1.8087719703
2.80858383231
2.52584049349
2.7465373774
1.72394896866
2.79287586904
3.06697982807
2.37347324979
2.67899313535
2.73240021046
2.86434710191
2.43866129735
3.02535372541
2.8753426762
3.07719000419
3.13688026461
2.84549754599
2.12371663383
3.10624973624
2.89969001926
2.81015462864
3.13845106094
2.47636040919
2.53133828063
2.00040912217
2.9311059458
2.30043122059
2.75360596087
2.73554180311
2.94995550172
2.87926966702
2.27372768304
2.97273204846
3.05912584643
3.02849531806
2.98372762275
2.92717895498
2.40410377816
2.32399316549
1.64462375415
2.80072985068
2.6499334033
2.94759930723
2.1457077824
2.88555285232
2.64286481983
2.71747764536
2.99707939152
1.90380514808
2.89262143579
2.61066349513
2.97901523377
2.82429179558
2.72219003434
2.7378979976
2.36954625897
1.91872771318
3.06305283725
2.17633831077
2.04203522483
3.11881610685
3.05598425378
2.36012148101
2.75596215536
2.48971217797
2.81329622129
2.33655953611
2.883982056
2.81172542496
2.94524311274
2.97744443744
2.96644886315
2.38918121306
2.78816348006
2.97430284479
2.79130507271
3.08190239317
1.76950206213
2.41431395428
2.66642676473
2.57767677227
3.10467893991
2.78423648924
2.65464579228
2.20539804282
2.86199090742
3.09525416195
3.12509929216
2.93424753845
2.02475646524
2.88869444498
2.85099533313
2.88241125967
3.10860593073
3.10153734726
2.15277636587
0.008325957960650072
0.027857622853158858
-0.0070218348095271756
-0.005793288448253008
-0.0019370763998754637
-0.007136827011649601
0.002153228389195306
-0.005671679398809883
0.002818454306531895
-0.005258991122921799
0.0025246287260387956
-0.005077464083703602
-0.00527766086160338
-0.0002053862450802853
-0.0010684024599222001
-0.004668371675698755
0.0032211627402147763
-0.0034910373061879103
-0.002642097401401518
-0.002611140676690465
-0.000996072429944071
0.0034588369776315155
0.0024885801071125096
-0.0025989857579894523
-0.003416362976558599
0.0008191603930271565
0.0003766474677401599
-0.0034480504680268545
0.0025941697232960436
-0.00224715246617541
-0.0026051409625505464
0.001907605571823714
-0.0026418759927147573
0.0010823400065135412
-0.000669038604309634
-0.0027465833653297213
-0.001371801198782309
-0.0023680367432006564
-0.002083891873863184
0.0017458814207158685
-0.0020601068877533608
-0.001710939926880725
0.002364371282886591
0.0011914816727074966
0.002296681364695634
0.0008884665057935368
-0.0012612118418937497
-0.0020012569489570096
-0.002156732813069952
0.0009436520652254479
-0.0019621853447602043
-0.0012383214548157852
-0.0006979211234283504
-0.002100128845624654
-0.0017998125829604744
-0.001030088982700582
0.0003170714764684646
-0.0019863068535851177
-0.0004233716503144022
-0.0019312526444267108
0.0019474228987054413
-0.00020991619828443183
-7.249252257632487e-05
-0.0019120252892570455
0.001153487589770522
0.0015174926470202278
-0.001711559437114281
-0.0007578311222507951
-0.0015759446496847172
0.0009447987715831693
-0.0013859161907894852
0.0010474183556202152
-0.0016048205403335683
-0.0005943682365743764
-0.0015941065382754944
0.0005815873562228509
0.0009815595260567796
-0.0013409720086804335
-0.00020810879304720433
-0.0016326368260011828
-9.573717199548976e-05
-0.0015789327236500747
-0.00021753280438149933
-0.0015563005222438084
-0.0007662114406900287
0.0013549455896425624
-0.0013857981115450303
0.0006539385977280312
0.0009870425336624305
0.0011508232504582716
-0.0012009621849209
-0.000922138693241392
-0.00020386806411559712
0.0014679964166791756
-0.0012264717877476779
0.000774603365645411
-0.001440238732447964
-1.323439646047017e-06
-0.001383378112267958
0.0002906327201712278
-0.0003601850016038489
0.0013323115592912698
0.0005721820534833694
-0.0012512048367058692
-0.0005421143548592475
0.0012474248403941547
-0.001354553945694093
-7.460592793646796e-05
-0.0011679381796639427
0.0006734520502113952
-0.0011986778714080791
0.0005188550126383192
-0.0012912666527419869
0.00019582992047367407
-0.0007155347379666232
0.0010686474925331304
0.001249140645288537
-0.0002326662287966931
-0.0011343344896359443
0.0005399819707851059
-0.0006601281114402481
0.0010655538241403967
-0.0011320747435396928
-0.0005223724922543687
-0.0008830908115972004
-0.0008782328830290255
-0.0009198283504610425
-0.0008370060267274171
0.0008506594751044717
-0.000906126909117803
-0.0012205910494600394
-0.0001548222272526895
0.00020839254624481097
0.0012093805676123837
0.0010552180008060654
0.0006175564036609813
0.0003962194025764165
0.0011437770005586414
0.001143989387354714
-0.0003023783597233688
0.0011467415710506579
0.00020004839869108991
0.0009305606016297737
0.0006732705749193824
-0.0009600480264028821
0.0006273855704455529
7.258339844056023e-05
0.0011439377705998322
-0.00015504202532726048
0.0011297096444387784
-0.00024461741527458456
-0.0011126000524717835
0.0010531579052926053
-0.0003193413635594694
0.0008643718331905163
-0.0006789586965506258
0.0006578404978068374
-0.0008739346351843566
0.000393492546961129
-0.0010164954415397961
0.00025425828818649246
-0.0010527313156629547
-0.0007631918282352678
-0.0007546212743221565
-0.00019649796412583468
-0.0010464053699616067
-0.00024612375594323997
-0.0010354358194226826
0.0008644950300932861
-0.0006157045333561844
0.0009810666370482473
-0.00040357786806258933
0.00039084961942940786
-0.0009823883308178413
0.000690728750891822
-0.0007993389574343892
-0.0009651273185184935
0.0004295661397581555
-0.0005943301765069926
-0.0008729911885930526
-0.0008227810122152433
0.0006504780986032551
0.0010376226700543956
-6.324854537642333e-05
0.0006831107897445243
0.0007577040100190105
0.0002907130248696963
-0.0009762059365621648
-0.0008412752448293054
0.0005490338671884026
0.0009265215135384769
-0.00037409796662606976
-0.00020208270783755793
-0.000976043773710918
0.0009915449820398282
-5.4287191355173904e-05
-0.0007866046052777726
-0.000590303607942048
0.0007229772270772929
0.0006631441920341413
0.00019590931863403644
-0.0009574066591048398
-0.000947150067997101
-0.0002342513662505206
0.0009670519306382443
4.767399358890567e-05
-0.0005168255792054211
0.000815621657925556
0.0007212381353712062
-0.0006390222769233031
0.0009450537247914234
0.0001655248672107412
-0.0009484280861356738
-0.00013328245044066678
0.0006012874261338949
0.0007435617993092052
-0.0009163973404054411
-0.0002532138576309211
-0.0007487617143306046
0.00057527986741002
0.00079691251681943
0.00049995865168527
0.00013749016625544603
0.0009306366405579008
-0.0005947389698358449
0.0007172545009125873
0.000453337108366354
-0.0008120573538457947
0.0004815459409059062
-0.0007952191484789051
-0.00010072656507536525
-0.0009167013623730802
0.0009096222032429266
-1.9924312762301332e-05
-0.0007470848002206598
-0.000518412914751132
-0.0006777856208040734
0.0006041814344893594
-0.0008128183526348491
-0.00034282589003339876
0.0005982701740342466
0.00064590294543857
0.000377484991208815
0.0007924249529780904
0.00014604376078029407
-0.0008627578597437162
0.0006139657921584528
-0.0006200898867008096
-0.00014524619159482548
0.000851051212801887
-0.00032098089064650415
-0.0007953516604810815
0.0004854791378690565
-0.000706493617032833
-0.00022665588687740618
0.0008250754545809873
0.00040759700756538375
-0.0007510434487994518
-0.0007711356799721017
-0.000355800066925724
0.0006853744705171647
0.0004991013250855362
-0.0005850893049851835
-0.0006114537060893035
-0.0002180946158303903
0.0008090239381682092
0.0002969882031229537
0.0007795529247957285
0.0007864849347129067
0.0002747846795202908
-0.0008287381076554772
1.1664982467953806e-05
0.0004645947766902295
0.0006856870615222328
-0.0007985079678472487
-0.00020496055064807395
-0.0003804548850933882
0.0007300851064229307
-0.0007590559163906615
0.0002974257718917137
0.0007199819553536808
-0.0003698826538067804
-0.00027777653850013915
0.0007537038687933269
0.00020674467617352169
-0.0007620739214544059
0.0006538957084563181
0.0004388727559074961
0.0006914216811848181
-0.00036616816674929877
0.0004557287637536577
0.0006346772747211991
0.00046861053003663535
0.0006230990995475219
-0.0002198088026324228
0.0007465548777371615
0.0006996541093784005
0.0003206229773322373
-6.891372187530257e-05
0.000765927253559715
7.486664179281137e-05
0.0007604147548468947
0.0007068117162434939
0.0002823792819561627
-0.0002443214955839923
0.0007149238647385033
-0.0006686687397496127
0.0003394309629828743
-0.0007422961219622624
7.1932073653867005e-06
0.00024306076192914932
-0.0006957509947746807
-0.0002639593136215975
-0.0006855839435487519
-0.0005360912339810904
0.0005010356266725329
-0.0002215557443869769
0.0006977156496815411
0.0004013369113901689
0.0006031823538007574
-0.0005595888335414573
-0.0004565147966022045
-0.0007157607814275116
7.156990128209035e-05
0.0003179755018471208
-0.0006354822277798879
-0.0003259274135986545
0.0006269893279787497
-0.000678517628887133
0.00019391366694337535
-0.00013493716200613714
-0.0006822453089088793
0.000427644241768026
-0.0005380078991942983
0.0005434583728750179
-0.00041678293081756103
-0.00037183128547145803
0.0005696007364639791
-0.0003042556788204307
-0.0006059674107623511
0.000672605825211322
-8.270464992281065e-05
-0.0003767591216743309
0.0005600383887672558
0.000621700404956708
-0.00025945915069613566
-0.0004191216999319151
0.0005272942958511556
0.00028702334340626823
-0.0006077204629243694
2.1803254053437136e-05
0.0006708802078377121
-0.0005537773727448882
-0.00037315274701167075
-0.0004254908739909946
0.0005107479897816875
0.0006026650794680492
0.00027732462304532824
0.0006302139521821543
-0.00020244082813762577
-9.70723567629821e-05
-0.0006536541427399372
0.0002880565612084891
0.0005942214905997709
0.00017895963787217155
-0.000633625396687969
0.00012803239649063187
-0.0006433399649652685
0.00014015371472732443
-0.0006406807106732203
-0.000447593140397283
0.0004731329383119325
-0.0005621062064820321
0.0003261545349882659
0.00042104047670219266
-0.000492481101082357
0.0006289996470281723
0.00013220227713054867
2.0077415390734906e-05
-0.0006385563520879403
0.0006200322518294932
0.0001485903017038602
-0.00011929017930761607
-0.0006255911713952337
-0.0004848074875585345
0.00041287763283845235
0.00011412536639583878
0.0006239889847752187
-4.406428879927243e-05
-0.000632515724595907
-0.0003382878321315972
-0.0005320454943542652
0.0005540788817264975
0.00029824744448629236
-0.0006242658443033828
-7.756500307428133e-05
-0.00015165984728613636
-0.0006104189968507762
-0.00045185132162662206
-0.0004343350798167698
-1.9217578665587e-05
0.0006231120841243263
-0.0005256830967091084
0.00033068670948090595
-0.0005072603008973074
0.00035677621107547193
-8.47427427056405e-05
-0.0006133756878170607
-0.0004970303548397859
-0.00036819837496478196
0.0005887771073414777
0.00018474556530260642
-0.0006016618144778195
0.0001310346684288491
-0.00017599234528609464
-0.0005897186386959268
-0.0001073224924734873
-0.0006021842320937684
9.64480838656368e-05
0.0005998405067480154
-0.0002127809325876005
-0.0005627426937336909
0.00028456017937316774
-0.0005275248786525897
0.000340799197895154
0.0004902488752833127
-0.0003329758570999549
0.000494859767050959
0.0004404007149970629
0.0003973229889187675
9.116140706573872e-05
-0.0005858787974036924
0.0003504860823976965
-0.0004739604952869207
-0.0005649327496061472
0.00016167962119709875
-0.00020172682507970708
0.0005434947556651635
-4.3350050046432884e-06
0.0005784487696637833
0.0005373733917082794
0.00020861421801468173
-3.293556983923218e-05
-0.0005688476862589905
-0.0005477407455601055
0.00015129636968184258
-0.00033388776891878227
-0.0004591672110786769
-0.00022272588075349415
0.0005221805150477472
0.0004130637725142166
0.0003880362519256791
-0.00037309657243274726
0.0004256493171480992
0.00044115660835562743
0.00034670835134715795
0.0004636948960320305
0.0003119519086238811
0.0001904896239923895
0.0005233111378046951
-0.00046790749579527267
-0.00030058956452255867
0.0005407148813120262
0.00011866891835189275
-0.0005512624400760037
3.856575539761825e-05
0.0003489463385329215
0.00042747672656415735
-0.00023338778772808455
-0.0004954978467351856
1.4737860738983851e-05
0.0005409689683401542
-0.0001216666668023041
-0.000517079306700861
3.63324722543773e-06
0.0005296519291452808
0.0004178844175150688
0.0003229332837932918
0.0002666594496759668
0.00045361590339594213
-0.00017763141431882134
0.0004913472850405983
0.0002253924884469936
-0.00046662974989077234
0.000432097227406127
-0.0002791963741386859
-0.0004219706846084132
0.0002934398089334841
8.050673214499652e-05
0.0005064963251752593
-1.3034399263797458e-05
0.0005098947742175524
0.0004504210253351473
0.00023566775239222904
-0.0004259011664897086
0.0002768344490698664
-0.00040331684269427555
-0.0003071375372006092
-0.00016619320714687227
0.00047828293875189177
-0.00028961575014491636
-0.0004092455450448337
-0.00014329380692471345
-0.0004786498026797025
-0.00025450400122024137
-0.0004266978647443885
0.00047987701143021124
-0.00012444235519184788
-0.0003064027143918039
0.0003872098952084264
-0.0004697951479862839
-0.00014905659743160227
-0.00031254286154325277
0.0003811016525180106
3.0723643750598384e-05
0.0004918995285905845
0.0004326338186593812
0.00023572749180277288
-0.00021029761231781873
-0.0004423028343018744
0.00026914790686348786
0.00040888415443871186
5.8595770479153586e-05
0.00048452895686982824
0.00023528908941933274
0.00041699965631970327
-0.00047650471807036607
3.596235131283071e-06
0.0004173144349866654
0.0002279905049358144
-0.0003072429968959195
0.0003587100603222653
0.00038739710860890566
0.0002574055662180774
1.453598930946487e-06
-0.00046504884376717654
0.00020170181465444098
0.00041824430555991777
6.304235390140533e-05
0.00045829283885414805
0.0001419985827181131
0.0004395387300942129
0.00012279938928308189
0.0004433287280769232
-0.00041057423827765583
0.0002030473080079882
0.00045526089052392216
4.9915844570211475e-05
-4.0496338517942433e-07
0.0004572720224301645
-0.0004450519919034622
0.00010140431265009771
-8.278911949372036e-05
-0.000448125320156556
-0.0001044601152431214
0.0004409692914898737
0.0003402095537051514
-0.00029784104745996984
-0.00038411532640438066
0.0002315023329495922
0.0004120227353613245
0.00014951416636437912
0.00038301981073718584
0.00020700016664155197
-0.00027098903851958364
-0.00034033823208716777
0.00013763659616755053
0.00041220267791255603
0.00042758529926491365
7.195457601264788e-05
-0.0003988927246707717
0.0001649474249992972
-0.0003665348286595389
0.00022348981049530165
-0.000427187500831109
5.428116967098329e-06
-8.156047383691592e-05
0.00041835440736153417
0.00010319507555165772
-0.00041060871244134845
-0.00028120202792597846
-0.00031384014366866157
-0.0001822557061948008
0.00037520254889597803
0.00029831635524414646
-0.0002869915648418827
-0.00038089530005799464
0.00015495834734428887
-0.00015196367700528885
0.00038198011371111694
-0.00017037073226954902
-0.0003703246004529621
0.0004053514440990644
-2.4519522386311583e-05
-0.000336666425705691
-0.00022382963730826794
0.0003993790621265943
-3.90582494303178e-05
0.0003572961828664005
-0.00018240903008028334
0.00039994439550549744
-1.7361477506872627e-05
0.00023796323997445196
0.00032161419628999014
9.426098114653217e-05
-0.0003838341486769893
0.0003114137729575799
-0.0002424599411379665
0.00039252420109246066
-3.953554749356447e-05
-0.0003053478308906057
0.0002483823281303528
-0.0002468338759899885
-0.00030247210154367324
0.00023481325594281095
-0.0003101008768516979
0.00037972244662618616
-7.917317546049202e-05
-6.401748545688318e-05
-0.0003815829920418361
0.00028361631135347397
-0.0002606698588496773
-0.0002070826063654825
0.0003224056857842128
-0.0001612191563539076
0.00034514728362697
-0.00012980717180852846
-0.00035664672352801014
0.000293841899141424
-0.00024009502724560178
-0.00036160667023011766
-0.0001084644973662931
2.201591306962969e-05
0.00037607036222467674
-0.00013298130972554733
-0.00034418433451977504
-0.00014940895560136411
0.00033536441766873217
-0.00029662029998363384
-0.0002161966268127757
-7.176718669970833e-05
0.00035811752778602
0.00012212792748405454
0.00033813237236103024
-0.00013132992447517484
0.0003302413010652891
3.3164926976293505e-05
0.00035118318783878275
0.00011502441841869043
-0.000332884834649631
0.0003320447919996595
0.00011715037737337388
-0.00030120274503073896
0.00018188861041934068
-0.00032273540541739783
0.00013643029505199506
-0.00031629593401148216
-0.00014938213572896955
-5.533094682805829e-05
0.000342291977484114
0.0002374992879159279
-0.0002516005685216667
-4.277426699305646e-05
0.0003430433000897284
0.0002905893061501503
0.00018601817486645444
-0.0003307623843279855
-9.730509064713574e-05
0.00021627092989587744
0.0002667202690938817
-1.7781524218033932e-05
-0.0003424326483507606
5.8655228101083425e-05
0.0003377268511306195
0.00033968004489316246
4.591857279783557e-05
-0.00013587138781757734
-0.0003136417965600614
0.00016688322434496388
-0.00029802795203366173
0.00020530275383931137
-0.00027043198165610657
-5.289555255887218e-05
0.000331690817672208
-0.0001910727071880975
-0.00027588975344326896
3.749570249559256e-06
-0.0003335608083187166
-0.00030842702427919964
-0.00012353413484787068
0.00019473817373293946
-0.00026279757692701343
-0.00029770372723083904
0.00013264256953471435
6.59966212810238e-05
-0.00031484593487590354
0.0001482872765264013
-0.00028439210612549604
0.00025856315407999053
-0.00018881717369367644
-0.0002992548096185539
-0.00010591437033956227
3.583328816457826e-05
-0.00031411717835245036
0.00030346261138974943
8.739373568844566e-05
-0.0002542896052164646
0.00018646362772268345
0.0002853197715839554
-0.00013132866468649362
0.00016418421169640403
0.0002668359883233477
0.00019259083751604152
-0.000246869586015302
4.636330072300876e-05
-0.0003092247691525468
-0.0001659601835031716
0.00026484785832300064
-0.00016072296418772713
0.00026623096591727217
-4.0859285891689076e-05
0.00030825142576599673
-0.0002873532022105463
0.00011610045086888476
-0.000147845909408672
-0.00027200578075873086
0.00028579101416419713
0.0001106762352655892
0.00027690376731097377
0.00013118323418461286
-5.5901928145953796e-05
0.0003011436488476695
-0.0001703872921647861
0.0002542671509227352
0.00025251000086650485
0.00017193355525162987
-0.0002023493283736017
0.00022620921991269906
0.00020673777694861465
-0.0002202032023895403
-0.00022731513157403337
-0.00019583671909949286
0.0002888317394189226
-7.698878016308137e-05
-0.00029239824299146357
-5.151107125913812e-05
-0.0002866507780781491
7.072699553869621e-05
0.00014155842175689565
0.00025900138900769533
-0.00010530264069396518
0.000274051613566891
-6.21144509088048e-05
-0.00028591984761339113
-0.0001875420298679986
0.00022263009015164993
0.00018296276347799488
-0.00022639408409787728
-0.00027561969212798264
9.320293781604159e-05
-0.0002886153127359094
-3.0409123739334652e-05
4.861663343545067e-05
-0.0002851882917516154
0.0002616433712818436
-0.00011971285620450639
0.00027679594405755374
-7.833189102262604e-05
0.00019558556633798496
-0.00021037428311123974
0.00012360487762863129
-0.00025912663677669847
0.00026507359621957117
-9.435794001399257e-05
-0.00013851204024152483
-0.0002439842323249099
-0.00011321244673570919
0.0002539381722772539
0.00023955351044110192
0.00013825415777640604
0.0002691776675228495
5.89744056187293e-05
3.7566042973568056e-05
-0.00027225893479931136
-0.00013117179303080917
0.00023904659682780758
-0.0001476023721867851
-0.00022895054525079808
0.00025489341341108695
-9.395944994720649e-05
0.00020509114393621873
-0.00017718414498846466
-0.000108881322724719
0.0002481100708315445
3.253903836067512e-05
0.00026478224495179715
-0.00025752873103310827
-6.453063792528585e-05
-0.00026168346730339945
4.163363218778027e-05
-0.0002501877371049239
8.551062411953306e-05
-9.952874475608803e-05
-0.00024283263712873818
-0.0002478323812514856
-8.198699945940223e-05
3.0442057871295155e-06
0.0002600076402630338
-0.0002576344475868679
-3.0413674492102797e-05
-0.00025443615179558476
-4.6527959588942734e-05
0.00019742565620891982
0.0001668820740841062
5.8002762141428884e-05
-0.00025097695107294244
-8.990339091463096e-05
-0.00023995750208314682
0.00019152760851028243
-0.00016955317401121168
-4.958854505326688e-05
-0.00025022859507843744
-9.509857251912071e-05
0.00023578124294644314
0.00025322974985531797
-7.32272047307081e-06
0.00025020458287790313
2.6730567088217137e-05
0.00019682144378964378
-0.00015513973276130898
-5.4953668893452075e-05
-0.00024351280474356338
0.00021069462271680866
0.00013208306277491056
0.00010228323627047711
0.00022611650644130808
-2.322760470215565e-05
-0.00024495273425941444
-3.458033634460723e-05
-0.0002434744853107558
0.0002395778875653893
5.494241796904441e-05
0.0001267637326869643
-0.00020846418850445093
-0.00016912576863440355
0.00017478486977025824
0.00020706443935590232
-0.00012567321726853598
0.0002178103504283893
-0.00010088845939701316
-0.00018190935900487003
0.00015599712060386064
-0.00023148943097623759
5.681647652494486e-05
5.1711787349019824e-05
0.00023248623506584798
-6.203996536905594e-05
0.0002292388251919051
0.0002215545287917212
8.030644450961863e-05
-3.6539836693596646e-06
-0.00023455983380067357
0.00023373601459284902
-1.246393061214028e-05
-0.00010507773732038468
-0.00020763263426189482
5.5772580204365374e-05
0.000225835820008433
-0.00021219510448869982
-9.466223730730583e-05
0.000231120512469971
-1.5574263662341326e-05
-0.00020519399645737394
-0.00010508332920500945
-0.00018145030374032062
-0.00014157047439561748
-0.00022982885695302805
1.0847885946411839e-05
-0.00022992154297337355
2.996307046288449e-06
0.00016383795044670402
0.00015922985434220016
-0.00022593818432096218
-2.4464044287265314e-05
8.271617224529509e-05
-0.0002108640616534846
-0.0001593070105265845
-0.0001608135293570768
-0.00016739719820747169
0.0001511013951788597
-0.00022279909755722725
3.288464834929156e-05
1.15713353510144e-05
-0.0002247080307464849
-0.00018261921255313278
0.00012836402500804325
0.00021307708105101463
6.621003845001664e-05
0.0001429796325989291
-0.00017012570243724634
0.00020867051291443772
7.22067131899617e-05
-0.00013514149091476934
-0.00017319856258336973
-0.00015291534799806788
-0.00015754633317868562
0.00012369085568018445
0.00018102892408158378
-7.295542106065949e-05
0.00020643139053536243
8.834465533635444e-05
-0.00019920403517761375
-0.00020489101785403988
7.268057556132146e-05
-0.00021484217330683836
-2.857237503889748e-05
-0.00020825329583120295
-5.603976685392614e-05
0.00010283152155447503
0.00018375696223639251
5.583695208667166e-06
-0.00021049582434018
0.00011625024349545249
-0.00017475633930822998
-0.00014196268610643881
0.0001536354064724323
-0.00017251071890165136
0.00011297242376816042
-0.00017891114135505897
9.951487230189448e-05
2.9402105260639507e-05
-0.00020206567705402124
6.784005214389738e-05
-0.00019184316330006368
-3.085851580964594e-05
0.00020108794308063425
-8.95954624466506e-05
-0.00018261109319692414
-0.0001616651608962823
0.00012335908700392245
-0.00015196844606739818
0.00013268896051476538
-0.00017190012493213964
0.00010292528736390838
-0.00018074649362062462
8.456532717197315e-05
0.00019531026840072997
2.64495893219181e-05
-0.0001336970350020435
-0.0001420723321936168
-0.00018900710766526363
-2.6759118397774785e-05
-7.186991799367917e-05
-0.0001761125186087917
-0.0001443543160822039
-0.0001233236927571209
4.9837532616827965e-05
-0.00018311951696811435
-8.495503521990677e-05
0.00016853465511918925
-6.747523356532992e-05
0.00017619104700880583
-0.000166571238191509
-8.408141520843984e-05
0.00011646664735308343
0.00014467948254636017
0.00015759839615298694
9.730460694670309e-05
1.553832092942216e-05
0.00018450185722744067
-0.00017438466469667309
6.092378995164233e-05
-0.00010204499150325008
-0.00015352519291409806
-0.00012868852246555572
-0.00012989177528561813
4.9828439320220405e-05
0.00017579072984832316
0.00011359802471580832
0.00014060114178035478
0.00016403334950004932
7.513182132893311e-05
0.0001756168128788651
-3.746017630678321e-05
0.0001632480245843002
-6.279623926231481e-05
0.0001241757399386646
-0.00012192602665875214
-0.00011404690654988758
0.00012714522485744658
0.00011549727806738641
-0.0001253489979175873
-5.218201176937165e-05
0.0001619814167534802
-0.00014214577357301962
-9.287554526540808e-05
-0.00016830222923873962
-7.716332392434883e-06
1.0773906136371525e-05
-0.00016760553734565393
7.331795793998607e-05
-0.00015060590110043317
-0.00012553871510287746
0.0001088241075883364
-8.840330732492499e-05
-0.00014017838837292483
-0.00016557912292452547
-1.9766627305214947e-06
-0.0001627961191455658
-1.9679876140238138e-05
-9.491978042269978e-06
-0.0001618903945476968
-0.00014886138468501125
-5.732041340456612e-05
-0.00015458252115884989
3.7901817817634273e-05
0.00015013607246367342
-5.276526165437731e-05
0.0001263734338899174
9.485289270996356e-05
3.339600301725421e-05
0.00015419476160905772
-0.0001518795944283828
-3.796330107751619e-05
0.00014123514138778098
-6.56083206574305e-05
-1.570554852147632e-06
0.00015408925305275244
0.00012407521757186942
8.743751383752724e-05
3.5087758153145046e-05
-0.0001464871490741387
0.00013163048969851022
-7.317888702846737e-05
-0.00014640045177826094
3.0378429001652385e-05
1.1345507954340806e-05
0.0001479961075768766
0.00010369333034555394
-0.0001061765071859238
0.00010144221943178833
0.00010619235782866685
0.00013749710049401322
-5.111015284438492e-05
-0.00012151325329729725
-8.095140794127587e-05
0.0001262984197319307
7.302984887393398e-05
-5.169226034978885e-05
0.0001361683156608305
-0.00013724657847466595
-4.60912940698279e-05
5.08342487394559e-05
0.0001353641209824855
-9.588673304751743e-05
-0.0001079640353522945
-8.494865819888331e-05
-0.00011540920443763965
6.16226205459895e-05
0.00012795816599477179
0.0001292700041627927
-5.766463291447904e-05
-3.0393826118608412e-05
-0.0001365395124901452
0.00010579935301876542
-8.960746699492908e-05
-0.00013007961326269465
4.769795599916943e-05
-0.00013492415925374636
-1.4787410712714346e-05
-6.739870030502903e-05
0.00011712335169336472
5.513814200114871e-05
-0.00012326476355117738
-5.924244802523459e-06
-0.00013456411126048273
-5.411395970708749e-05
-0.00012298108476512432
-7.399307344894912e-05
-0.00011132580606837205
-9.148719895350578e-05
9.453724425979093e-05
-5.132993684861249e-05
0.00011990375295369482
-4.01495915805179e-05
0.00012340681018972038
9.912313643003756e-05
8.066561329712962e-05
-0.00011990957171136447
4.255865626375902e-05
-0.0001238798664689808
2.6378572747269402e-05
0.0001233607151112548
2.543712486551175e-05
5.548324790893633e-05
0.00011303922945630121
-5.429818225240855e-05
0.00011327483341532529
-2.3774146587147216e-05
0.00012217626766606733
-9.472622165156054e-05
-8.069710226818996e-05
0.00011746203113821646
-4.0469166467238054e-05
-5.095789839480215e-05
0.0001130466138490443
-9.922209968381052e-05
-7.093140733340233e-05
4.079034277025327e-05
-0.00011484111768743038
0.00010440783104354875
-5.986654700564423e-05
9.264251654778828e-05
-7.485249221394386e-05
0.00011899153953939881
3.813813843892235e-06
-1.4113457881612502e-05
0.00011692472637723928
-2.9762518858527686e-07
-0.00011771723361277253
-8.581551012897314e-05
-7.752519148328734e-05
7.066344519526463e-05
-9.097170717212174e-05
8.163353283307669e-05
8.115789181353222e-05
-9.917926712366254e-05
-5.396043679253351e-05
-0.00010804525846454679
3.164596596662667e-05
-1.311401539084045e-05
0.00010993200905012915
9.880070575253141e-06
-0.00010906818038804678
-8.987101498873248e-05
-6.159404313449463e-05
-0.00010612081117972275
2.1200941398206066e-05
7.420325467346528e-05
-7.821684349660024e-05
3.279634621078364e-05
0.00010242633231342069
2.3314606516826818e-05
-0.00010395413847656557
-2.3078772205890497e-05
-0.0001025117675179597
-5.754826999099719e-05
-8.770896563726124e-05
0.00010171398372435162
-2.079152156695094e-05
-1.3390958473323667e-05
-0.00010290942825376901
5.597346927968581e-05
8.623357012881489e-05
-1.4945909711631303e-05
-0.0001010762577969559
7.34669865090397e-05
-6.738156163275244e-05
-9.68282933247622e-05
-1.9966916189216234e-05
-9.310416341457505e-05
-3.0896430488112744e-05
6.0315130715735464e-05
-7.69052279429967e-05
-8.84883709671425e-05
-3.958784102442117e-05
-6.69866234911638e-05
-6.761099654953168e-05
-9.391795232945287e-05
1.3522046859394344e-05
-6.964737406266106e-05
6.416440817630153e-05
-9.278927424451244e-05
1.3865472144512337e-05
-4.8437382939092834e-05
-8.024429880717521e-05
-8.995102596227872e-05
-2.5220949961204832e-05
7.491468618193156e-05
5.382135291206328e-05
3.288006894962098e-05
8.60723250779011e-05
8.131586158520377e-05
-4.286026795502873e-05
1.708948129035087e-05
9.027431150584816e-05
-6.484449744230014e-05
6.424742966073521e-05
-8.85385016654114e-05
2.1451954311298315e-05
-2.9994925790518128e-05
8.565753403480849e-05
-8.980327483421266e-05
1.0008541847088992e-05
-8.311373938564006e-05
-3.495526216437225e-05
-8.996162406561642e-05
-7.783489110382014e-07
8.660683124210862e-05
-2.1273147431611185e-05
-8.098355082250152e-05
3.613724653074524e-05
-1.8821418000147748e-05
8.629477354154341e-05
-6.343561106061127e-05
6.117931128476595e-05
-8.482897180927862e-05
-2.1841754880042176e-05
6.0236039077041445e-05
6.348395102873745e-05
-2.0972203074549085e-05
-8.463768277164748e-05
-8.606295430143662e-05
-1.3949402845606252e-05
5.864051167978693e-05
-6.44076822312964e-05
-7.101517098283696e-05
4.9425314426824795e-05
8.22883385717158e-05
2.626105050038885e-05
-8.594795947336573e-05
2.448229241002686e-06
6.552407982533631e-05
5.4008336003301736e-05
-8.42899388901106e-05
4.251400688641243e-06
7.658265946717386e-05
3.518779824014234e-05
8.01506222838985e-05
2.6053787272817422e-05
-7.011347857578337e-05
4.632028430915458e-05
-7.465937940554923e-05
-3.753576541759226e-05
-7.58243192856009e-05
-3.083975718773743e-05
8.054251346511431e-05
-1.409767210251972e-05
2.320707259178028e-05
-7.76258215277534e-05
-5.096265038448555e-05
-6.123774459739533e-05
5.9572053241288506e-05
-5.198247580510426e-05
2.067614230748488e-05
-7.6192005511037e-05
-7.83093449507668e-05
8.332588860477636e-06
4.5680412105676945e-05
6.387097496607464e-05
6.63718665444395e-05
4.070501980626873e-05
1.4858478428409261e-05
7.589426698900325e-05
-6.946349359368675e-05
-3.3795240423828494e-05
6.206191473978462e-05
4.456786486828035e-05
6.271262734426198e-05
4.307615047422031e-05
-7.492465534921533e-05
-1.8145665510519992e-06
3.50991096202842e-05
-6.58762770362018e-05
-7.236868516536894e-05
-1.701491037316394e-05
-2.6031100802434425e-05
6.95513754797935e-05
6.897501562349223e-05
-2.6894098847002114e-05
3.180125646980156e-06
7.386875184617858e-05
3.447366118411441e-05
-6.534842417064052e-05
-4.560169593462554e-05
-5.723811947836341e-05
-6.959628474014009e-05
-2.1493705810822327e-05
-5.0125940778133204e-05
5.2439351772252424e-05
-9.555943954152019e-06
-7.18816199302869e-05
-3.4119653761208456e-06
7.185517690697573e-05
-1.806942848733692e-05
-6.944234495524459e-05
5.3345746190012406e-05
4.7581429736007125e-05
-2.7809608665165992e-05
6.424632319179335e-05
-6.164229102988222e-05
3.3032500640366116e-05
6.951568648300343e-05
-6.9295558554571566e-06
-3.345739647984836e-05
5.8970780299046236e-05
6.380325869866343e-05
2.2865260743131e-05
-6.0537056071986504e-05
-2.9900895762318997e-05
5.908029915671942e-05
3.2203616415692195e-05
5.408574886436007e-05
-3.998763170868402e-05
5.6865271046498964e-05
3.545095500635561e-05
-6.025881695836185e-05
2.825459627118046e-05
-1.918087823484233e-05
6.369082833038448e-05
5.549014760638043e-05
-3.5670900785012156e-05
3.748351809554676e-05
5.420074881815799e-05
-1.4678406181535532e-05
-6.256914855211808e-05
-5.524797666667463e-05
-3.228878156758641e-05
6.107677752834373e-05
-1.7312382510425382e-05
5.8686155882144426e-05
-2.3099213019525186e-05
-5.001297032998209e-05
-3.793990399054299e-05
-6.171956893674643e-05
1.0564332263752411e-05
-2.7801895299283237e-05
-5.5981887618789665e-05
-6.146027065526488e-05
8.003132359388987e-06
3.7651807499592406e-06
6.132846993497554e-05
3.5352675891438564e-05
-5.0158679996464725e-05
-5.6520528890683325e-05
-2.3698391728759428e-05
3.6679980830477966e-06
-6.0539235926574315e-05
-5.90160307594445e-05
1.3805283774760118e-05
-2.686177217348096e-06
6.023330159077666e-05
5.5081118933747436e-05
-2.300625805787476e-05
-1.8386556571350548e-05
5.664346547151877e-05
4.99900546862039e-06
5.9242303772687756e-05
-3.806548288846789e-05
-4.503528619523112e-05
7.411362514805772e-06
5.8096107996869376e-05
3.8132350994385256e-05
-4.4052764744805694e-05
5.609971914943363e-05
-1.4678027321113215e-05
-3.5262654222991545e-05
4.57422782056859e-05
-2.9181915233034776e-05
4.9397303399423154e-05
-5.6221473373045e-05
1.1351041910971914e-05
5.4988987330195306e-05
1.3955439168995457e-05
7.941755436281978e-06
5.60854800335084e-05
-5.5513586348469766e-05
-9.671646063869513e-06
5.3872557101030104e-05
-1.5861403174219287e-05
-2.7159175036366168e-05
4.7848045134254834e-05
4.6590823222665084e-05
2.7821401213655893e-05
-5.251145402865753e-05
-1.366127755047157e-05
5.358615407091227e-05
6.816974960837385e-06
5.300092892088833e-05
3.7265875944863665e-06
-5.303862225052372e-05
-2.5444871622760656e-06
-4.083093867515353e-05
3.382055223233227e-05
-2.5307489366948545e-05
4.658778378415701e-05
9.422413530442764e-06
-5.182353409300214e-05
1.3071791897427131e-05
-5.0566235282433954e-05
4.702645004904227e-05
2.2393496452795537e-05
2.175772353746734e-05
-4.713478772088076e-05
2.3983056665071012e-05
4.601611976774475e-05
-1.6324687114383272e-05
4.9072720308775896e-05
-9.946586630369237e-06
5.067583694396952e-05
4.038944417201853e-05
-3.194217184413813e-05
4.1543179576549186e-05
-3.0048447265258614e-05
3.880330479617303e-05
3.28897720519421e-05
4.455035406540922e-05
2.4488339886948874e-05
3.042534983482781e-06
5.064318464811673e-05
-5.065986838037218e-05
4.807683117125094e-07
5.0440493505325064e-05
-3.973851149176727e-06
4.204613827778966e-05
-2.8059526242847272e-05
-2.734938701095556e-05
4.2341325832371934e-05
-4.9368142040396635e-05
5.608140262039488e-06
-4.822468812143771e-05
-8.702251472400225e-06
-2.2010838412641682e-05
4.324124458369392e-05
-4.825188553085037e-05
2.1012222901842238e-07
-4.687021367339017e-05
-1.0827939696744505e-05
-3.25753548781846e-05
3.521062331725144e-05
5.3840048362200285e-06
4.7515386227470316e-05
-4.4127581040882454e-05
1.8314183506080843e-05
3.682374258181896e-05
3.036840336170861e-05
1.2376798591100686e-05
4.608950809944455e-05
4.725134776580278e-05
5.847398299283882e-06
-4.740281161047244e-05
1.8256606814151533e-07
-1.5374623726082504e-05
4.479378877458271e-05
-3.0327609159682023e-05
3.622089030563369e-05
-4.4779556901884396e-05
1.3849230165306703e-05
4.6393039944750525e-05
-5.35299838744463e-06
-4.307042058969479e-05
-1.778992579051031e-05
-1.8973928582235484e-05
4.205026911675963e-05
2.1480856770024038e-05
-4.045018992492902e-05
2.7883060301502497e-05
-3.615210313393011e-05
4.53084595737715e-05
-1.6941967368679367e-06
2.5746400453196093e-05
3.678632632742218e-05
3.380481562780801e-05
2.943156503403743e-05
-1.1401124818477104e-05
4.33372329213631e-05
-6.108878433430609e-06
4.40993598312317e-05
9.134522276388252e-06
4.349802971615524e-05
4.29195559804223e-05
1.109740805665299e-05
2.159248600649144e-06
-4.340221490799302e-05
4.3082983146130626e-05
5.391760934652344e-06
3.845151858886826e-05
2.0055867825938962e-05
-3.979226450249772e-05
-1.6475890764591507e-05
3.195989175424918e-05
-2.8737466156782466e-05
2.7991630917290512e-05
3.228189268039298e-05
3.5407537181873726e-05
2.358357132887773e-05
9.945705342529726e-06
4.1138271318721516e-05
-2.109063302198655e-05
3.6139065137558434e-05
-1.791507751558119e-06
4.178548165335337e-05
-2.857011421501432e-05
2.987476310625292e-05
-1.9043867612248745e-05
-3.6484747511764224e-05
-4.104060090087892e-05
-1.5971581729098682e-06
3.9851915132563446e-05
-8.570601225839955e-06
-3.0402250701364153e-05
-2.7081032340658062e-05
1.87748701020225e-05
-3.604781154162759e-05
2.8011683548624377e-05
-2.924447003729469e-05
1.0378016621582325e-05
-3.901490829701646e-05
-2.37509676633878e-05
-3.237495728991245e-05
-2.2698806372531507e-05
-3.306926792624186e-05
3.3433607704808855e-05
2.151760839953422e-05
3.8064471770363626e-05
-9.683872669534536e-06
-3.9012348005054934e-05
-4.37725636392472e-06
3.625263497174813e-05
-1.4926776552697563e-05
1.6903226425669325e-05
-3.513863152325247e-05
-3.376197072698412e-05
1.9020990861913113e-05
2.0058514920227517e-05
3.3099899160475015e-05
5.538609051159437e-07
3.861791593837993e-05
-3.833628939797557e-05
2.9933297962457805e-06
1.971189155425729e-05
3.283636933806538e-05
3.0801399233977175e-05
2.262408470773847e-05
7.967181792591704e-06
3.7362347462181144e-05
2.6875060663707445e-05
-2.6375204065652364e-05
3.535044018894001e-05
9.676186058839575e-06
1.547073505954752e-05
3.316315915306634e-05
-3.6134640929979645e-05
-5.160972975307127e-06
-1.5260011185704414e-05
3.315357461728474e-05
-3.616738800747976e-07
-3.6364270125575085e-05
2.9531029849293975e-05
-2.0891700036648685e-05
7.982695614609236e-06
3.516037715231025e-05
-3.5271244064796424e-05
-7.157188976470663e-06
-6.869924840946867e-06
-3.511766757507874e-05
-3.437325487723465e-05
-9.863117082573924e-06
3.155191893965339e-05
-1.6776025970238807e-05
1.7240157797602392e-05
-3.0962573215203845e-05
3.524525793919808e-05
2.275321804615871e-06
-3.3718181453985306e-05
-1.0271263723882956e-05
-2.082278566004847e-06
3.4849650985061156e-05
-1.5049580084306596e-08
3.467222272345683e-05
-1.9634842531880138e-05
2.8438684357025623e-05
2.3858141015001126e-05
2.489815912224774e-05
-3.107135512389153e-05
-1.4539294896577043e-05
-2.9268699835910405e-06
3.414759926938904e-05
-1.0234221913579617e-05
3.2688196144806664e-05
-3.2601706340446624e-05
-1.0465891255375226e-05
3.1760520959982666e-05
1.2627898985643732e-05
-1.680542044184463e-05
2.9482724074145317e-05
2.6389566152681178e-05
2.0943768538901673e-05
7.314949871993992e-06
3.248920390652876e-05
-4.622351511762324e-06
3.297120331563866e-05
-3.844055368111804e-06
-3.279641081229754e-05
2.3684446358972955e-05
2.2676637970942714e-05
2.250187557386596e-05
-2.3771882769968168e-05
4.9954715171793836e-06
-3.225985576647246e-05
1.7116391366561317e-05
-2.737844828695135e-05
1.7600566146225072e-05
-2.678532952969159e-05
2.611815149357577e-05
-1.8530384462368765e-05
2.3243020988010796e-05
2.184176234520947e-05
-3.6129146879463338e-06
-3.1584336581364614e-05
3.059848393295632e-05
8.17937585219558e-06
3.163688142694589e-05
4.0908571848163876e-07
3.132141671671465e-05
-3.0959955891411984e-06
3.882702943704963e-06
-3.110853368825459e-05
3.060539006241513e-05
-6.580713820108067e-06
3.126436280724771e-05
4.42093069970978e-07
-1.5426711066376442e-05
-2.6739931399171747e-05
2.98262858758509e-05
7.454291371928435e-06
1.2877939345400824e-05
2.7839107618219395e-05
3.0421829056509254e-05
-3.2874764415922186e-06
-1.0197863588451171e-05
2.8770617170928936e-05
-5.441036692039507e-06
-2.9570863376111174e-05
8.970341195809418e-06
-2.8310672049114026e-05
-2.3824694495207133e-05
1.767668109883648e-05
-2.7805080679518478e-05
-1.0101040422175244e-05
-2.8155661555849948e-05
8.673244455819683e-06
2.7535778687557854e-05
9.396811670651983e-06
-1.8393551977493262e-05
-2.2244422059648162e-05
-1.3598426140414765e-05
-2.5173182111894315e-05
-2.6322895611719688e-05
-9.651395372162215e-06
4.310404465346717e-06
-2.7638268057889757e-05
1.724606723254426e-05
-2.196184727801359e-05
2.7832998202573554e-05
1.749136153410727e-06
-1.2879427727921388e-05
2.4675958629984618e-05
2.3848639313348798e-05
-1.3730902078299412e-05
2.444272547416105e-05
1.2523888380869264e-05
-1.1525000814024118e-05
-2.476785823888268e-05
2.2430041257987532e-05
1.5299008403052787e-05
1.4842736101055125e-05
-2.2620220270526466e-05
6.226181889249047e-06
2.6327100718334606e-05
-1.866926269996213e-05
1.9293937654538245e-05
-2.158580797212936e-05
-1.594356381445228e-05
-1.740989633693036e-05
-2.025620060718515e-05
-1.4901350615544317e-05
2.2046178101200907e-05
-1.2494671409320701e-05
2.3463903481416755e-05
1.2458670933124694e-05
-2.3455174491481046e-05
1.735023802069218e-05
-1.9998414925015405e-05
-2.0202587332473432e-05
-1.6839588332823034e-05
-1.0784953029584703e-05
-2.3925308499061243e-05
2.258479653415705e-05
1.3015868274294216e-05
5.894642408352468e-06
-2.534894116752051e-05
-5.932119156772691e-06
-2.5045483879041485e-05
1.457985076993968e-05
-2.1198291320567102e-05
-2.266304934923746e-05
1.1981589153827965e-05
-1.8939661568506794e-05
1.6929548595946143e-05
2.4425968976562065e-05
-6.420664411770388e-06
2.2676339740179018e-05
-1.1029251240151971e-05
2.0810616882433464e-05
1.4103116706044568e-05
-1.7117841144914126e-05
-1.8320141562985937e-05
-4.470327214756237e-06
-2.458421348837403e-05
1.1202435772147634e-05
-2.2330548288859997e-05
-6.724545983502861e-06
2.395465450243108e-05
1.4201546667999082e-05
-2.041534620309307e-05
-7.160144477488251e-07
-2.4855986701553445e-05
-2.4698473600247127e-05
2.1217165528084475e-06
-1.8484255349802658e-05
-1.57667707677994e-05
1.876016775323975e-05
-1.5374267401455456e-05
-2.1112290299800878e-05
-1.1893553341274905e-05
2.2588087511034743e-05
-8.75221317190729e-06
1.7989222629298474e-05
-1.613255300415864e-05
-6.739450299552807e-06
2.3096113685758812e-05
2.1293274935761553e-05
-1.0968903087036492e-05
-1.3786088795722646e-05
-1.952251651025302e-05
1.6417699130901188e-05
1.711943629842072e-05
-1.2521058865162477e-05
-2.0140871689557514e-05
4.69276652670747e-06
-2.32152457842909e-05
3.5729524555927136e-07
-2.361804942976111e-05
1.133705048725392e-05
2.066734252180036e-05
2.3213243625287983e-05
-1.021780190235938e-06
4.930276134716902e-06
2.260396457846614e-05
2.2663271224837975e-05
-3.2135511644518014e-06
-1.739353034883702e-05
1.4477485264699663e-05
-6.937792857457936e-06
2.126991701846073e-05
-7.122043350662022e-06
2.096599089399545e-05
1.6259821058612512e-05
1.5002754532296193e-05
-2.0992752919488046e-05
6.560118352812227e-06
-7.1395109343691286e-06
-2.076310192199379e-05
-2.1442181994281162e-05
-4.172166710504355e-06
1.702884813855998e-05
1.3471585249577145e-05
1.7959340126924904e-05
-1.2166986674827961e-05
1.4716442541118006e-05
-1.5917257039983028e-05
2.146751715020823e-05
-2.90982276169063e-06
-2.0141650253611087e-05
7.748605050232011e-06
1.9734050655745296e-05
8.613956100647247e-06
-6.32158927618011e-07
2.148726095049772e-05
-1.1525120524875386e-05
-1.813880087165055e-05
1.9646784637696312e-05
8.700747745550243e-06
-6.9329977069012e-06
2.011861617421057e-05
-1.9710452685118e-05
-7.930772043266386e-06
-5.211367228567631e-06
2.045301286648282e-05
2.0938713851633124e-05
1.600063548879517e-06
-9.197373943838793e-06
1.880894517898907e-05
1.817337017814269e-05
-1.0126925195151349e-05
1.7764207352273658e-05
-1.060625819632649e-05
-4.380228702595792e-06
-2.0176400210763653e-05
-7.364822310988013e-06
1.9149502646823858e-05
1.9814212945425104e-05
-3.790281601360107e-06
-8.934426550277146e-06
-1.8073755424694984e-05
-7.0728546359634106e-06
1.8864923743833197e-05
-1.9735258581543567e-05
-2.7344896669791453e-06
1.8979230353327463e-05
-5.968583845693336e-06
-1.6566050903510946e-05
-1.0853580416345751e-05
-1.2553096879370313e-05
1.5116078521565268e-05
-3.6785986292753313e-06
1.91788909582431e-05
3.5715491903377806e-06
-1.9041381812071647e-05
8.820731775370905e-06
1.719862793627591e-05
1.8367866358607147e-05
5.837281922209205e-06
1.4295254774643027e-05
-1.2844032674778752e-05
-1.2210289504232592e-05
-1.4754940322207089e-05
9.77647238531798e-06
-1.6432377837193534e-05
-1.898319595043474e-05
1.473113197705933e-06
1.2095198079110726e-05
-1.4643166273052566e-05
5.979946310854009e-06
1.7940123390436006e-05
-1.847213085235303e-05
3.697165040280781e-06
-1.7180273622762213e-05
-6.544509611531788e-06
-1.779046177276492e-05
4.5908362563292785e-06
-6.920876018343323e-06
1.669883516612438e-05
1.5392803700742003e-05
9.344714643501617e-06
1.285984408390119e-05
-1.2403044941915762e-05
1.609516973002094e-05
7.71070642267908e-06
-1.553296304218593e-05
8.780360273882873e-06
-8.377902341633616e-06
-1.572316012167286e-05
-1.3555952123826834e-05
1.1480496624306356e-05
2.4429149760446383e-06
-1.7591236148424062e-05
1.574501811213186e-05
7.936367439446718e-06
1.748663569443913e-05
-1.7128344589551203e-06
1.4589599231651026e-05
9.743701060600656e-06
-1.1262327275304574e-05
-1.3373704315286977e-05
1.6942483401461734e-05
-3.5216334515111443e-06
-1.6416724988003567e-05
-5.36778494149924e-06
1.3221479655947554e-05
1.1011727631479395e-05
3.2907654079113167e-06
1.685414429758481e-05
1.70684493276142e-05
-5.708959592797825e-07
8.781706277030572e-07
-1.6970864195485574e-05
1.1149200153865557e-05
1.2805185450747381e-05
-1.4493302606540525e-06
1.68613137494696e-05
1.6781706428009e-05
-2.1183779432546457e-06
-1.405936704845358e-05
-9.313516301401641e-06
1.2847663353636462e-07
-1.6855268137283817e-05
6.86576293609964e-07
-1.66613225145368e-05
3.9922815693749224e-07
-1.6544293777530446e-05
1.641374927822436e-05
-7.209013513684304e-08
1.4590304825525084e-05
-7.453684562997401e-06
7.802125281379523e-06
-1.4270954229355621e-05
-1.1847924174569358e-05
-1.0851009157786002e-05
9.801849861655068e-06
1.2571784419340481e-05
1.4173867233978857e-05
7.099884688395911e-06
-1.490364273291267e-05
-5.385139968692776e-06
-1.568836364209209e-05
-1.9866911129222816e-06
1.5644974815928412e-05
-2.1974923170630935e-06
1.279627552474184e-05
9.106042382444932e-06
1.333426714368368e-05
-8.276708698090632e-06
-1.5478137980427038e-05
2.4427926387394216e-06
-7.28294899111083e-06
-1.3863195969757128e-05
7.008984956583635e-06
1.3933129643709852e-05
-8.636054658372944e-06
-1.2936980518602502e-05
-1.5232223239296627e-05
-2.61591466067353e-06
9.169577774647761e-06
1.2429574222504567e-05
7.294871511766388e-06
-1.360842607111747e-05
-1.3490204900013482e-05
7.364855146080016e-06
1.4980635434798328e-05
3.2796293205265004e-06
8.547151170269495e-06
1.2663021544233654e-05
5.772250959037411e-06
1.4045573754045693e-05
1.2789959019347648e-05
-8.151020073002529e-06
-8.128641533589373e-06
1.2658691595518231e-05
-1.4944644644209249e-05
-1.4369641647946977e-06
-1.327002763435725e-05
-6.9940012169535935e-06
1.3012482358902712e-05
7.446652443240251e-06
-2.955873462452366e-06
-1.4659184767682284e-05
1.4180454385826796e-05
-3.714350811074435e-06
-3.1086252692360467e-06
1.4231376244696336e-05
-1.0428883255106103e-05
1.0024953816628518e-05
1.2338674223107318e-05
7.403027648045471e-06
1.1053346094308983e-05
9.153451481906765e-06
-1.5949318685240868e-06
-1.4109645103028013e-05
4.764445869950912e-06
1.3366481692793961e-05
8.951481707869468e-06
1.0777447662627005e-05
4.2734924025903955e-06
-1.3307042680768933e-05
-1.3634571414021357e-05
-1.33296601201649e-07
1.282152886611998e-05
4.2452368713915554e-06
4.891875349925838e-06
-1.258667094034329e-05
-1.2450186280861587e-05
5.0731397638622e-06
6.301975923685421e-07
-1.335107445954209e-05
-5.65701255286874e-06
-1.1925558744019946e-05
-7.742514168803769e-06
-1.0643360216482933e-05
-1.2035297080980529e-05
-5.23072898997301e-06
1.2963979922003724e-05
4.941996873117239e-07
-4.359303580570684e-06
-1.2218017259848502e-05
-1.0916541789436642e-05
6.9221417737387466e-06
-8.025438849686956e-06
1.00893790403625e-05
3.3426657936548197e-06
1.2311509191513397e-05
-9.217454285687202e-06
-8.357961919391316e-06
-1.1017627861209902e-05
-5.547424945277151e-06
1.2837209964871727e-06
-1.2185731613926865e-05
1.0610472297530615e-05
5.420955915483152e-06
-2.642450631123061e-06
-1.1546029860497492e-05
-8.93258552952901e-06
7.72664094293802e-06
-3.0347703812660664e-06
-1.1339610106442175e-05
8.493802298338388e-06
8.098170341525136e-06
-9.919762114041997e-06
6.2049577219415035e-06
1.1212933391149677e-05
-3.0305023159811205e-06
9.24105767575828e-06
-6.8703940831252865e-06
1.1089527254507302e-05
3.0742662225685425e-06
-9.73767709909816e-06
-5.356456321340047e-06
8.362798568823693e-06
7.238220010324564e-06
-9.895688532307344e-06
4.822416937678646e-06
-1.696408385569087e-06
1.0783589008679734e-05
-9.223300149616087e-06
-5.5436812420920914e-06
9.85457032580446e-06
-2.587392855457747e-06
-6.44599410457046e-06
-7.823854324893442e-06
-6.1154616151904566e-06
-7.683811976571794e-06
-6.93759281103655e-06
6.891900608393998e-06
5.58911326336297e-06
7.831909049594875e-06
8.101802836460392e-06
-5.085652906731936e-06
-8.85285927678487e-06
-2.5295074766341076e-06
-7.686751527754405e-06
4.792377614726645e-06
4.439049415917484e-06
-7.831291090385017e-06
-9.321831167020331e-07
8.713321021732237e-06
8.116258697850708e-06
3.1726407637282794e-06
0.000575576677036
0.000679753857697
0.000538462837447
0.000508289301558
0.000573694191141
0.000543202777412
0.000814715402014
0.000282213016153
0.00053033586146
0.00055214912581
0.000439156330361
0.00034869890317
0.000629623494078
0.000521957447191
0.000567717166566
0.000555492376574
0.000567563465393
0.000515605031469
0.000537362221201
0.000538333201624
0.000340488801474
0.000370924894949
0.000475442940805
0.00054926321879
0.000625567040427
0.00047159243011
0.000347829492496
0.000443745753132
0.000440815623874
0.000451540631784
0.000420023119399
0.000570450029209
0.000478404125351
0.0005354205822
0.000670306382385
0.000638332081458
0.000406507149129
0.000272675709054
0.000565720226377
0.000391037876517
0.000225134078292
0.000684767693411
0.000457195400916
0.00041942142907
0.000590327946661
0.000541387254075
0.000440194290646
0.000454421175128
0.000608285980816
0.000333137212211
0.000465609489102
0.000285294268331
0.000555474408201
0.000576331705324
0.000451443994232
0.000531933754679
0.000417549482407
0.000517241842566
0.000486981498693
0.000500440174256
0.000578516868763
0.00043194595899
0.000408296124439
0.000644193058962
0.000481780891797
0.000418016906432
0.000649367998431
0.000426777358061
0.000474150924291
0.000426205604209
0.000503545279471
0.000379628653702
0.000529804943301
0.000474647139585
0.000410333417302
0.000525208253218
0.000467212096339
0.000527780915955
0.000622015437783
0.000461620944481
0.000433842631997
0.000373781166999
0.000384103054293
0.000407507212356
0.000431267586043
0.000438205953423
0.000474585818676
0.000450596326199
0.000505046778071
0.000402695384028
0.000401678143967
0.000178338180325
0.000406958168741
0.00041191347209
0.000488040403764
0.000416620561004
0.000471963262577
0.000363871971055
0.000475311547397
0.000407265339256
0.000439639576299
0.000444983792704
0.000364796520884
0.000547716837486
0.000540726990446
0.000537009477036
0.00038811171914
0.000312814710449
0.000356871038285
0.00052770364999
0.000348016066876
0.000350093854196
0.000384335993753
0.000377521433672
0.000569024132813
0.000466170847844
0.000377402414902
0.00077751365776
0.000445429138975
0.000423748556431
0.000489149351178
0.000420389375091
0.00049834951095
0.00052625469543
0.000477455379797
0.000443811098149
0.000631669865341
0.000372578960385
0.000363913440389
0.000419320698513
0.000574280077552
0.000568704651543
0.000414621594272
0.000363854608561
0.000310435895319
0.000346240687763
0.000405285327936
0.000603118929708
0.000400671640178
0.000440460433023
0.000485785809245
0.000453985724776
0.000524275373153
0.000359694073107
0.000508496771123
0.000415998239331
0.000410003759089
0.000500007060394
0.000371225333084
0.000332155345128
0.000603639172569
0.000366537709306
0.000678344816807
0.000292997642036
0.000393218876059
0.000437389436631
0.000524292112686
0.000388068925168
0.000345439072079
0.000514046718221
0.000324805496493
0.000350341368821
0.000507031200554
0.000375887318244
0.00043249810395
0.000392581627509
0.000365886009852
0.000323856935471
0.000410549468532
0.000319300316211
0.000378241626332
0.000505472519118
0.00054040426724
0.000321579189789
0.000288148817316
0.000281092936355
0.00041821023554
0.000409025269209
0.000392475529809
0.000341789266562
0.000353114658802
0.00039956380905
0.000415831265519
0.000396602458171
0.000359110019426
0.00042988163865
0.000352955486104
0.000551149878508
0.000570703551767
0.000392294283746
0.000372962830727
0.000268137115047
0.000399802666329
0.000531737274565
0.000414249439497
0.000340914649616
0.000410058467864
0.000333671502298
0.000457333709438
0.000307567467298
0.000462536504675
0.000324704318438
0.000503017299455
0.000445408815533
0.000377195538052
0.000458093317412
0.000499763722079
0.000545575330475
0.000485798330392
0.000410999603135
0.000359091071366
0.000407456205108
0.000271787907369
0.000649054468144
0.000511896726581
0.000420116289416
0.000506835400527
0.000269621237841
0.000448562847921
0.000399289808865
0.000261725107319
0.000481996139585
0.000452109574709
0.000330447786025
0.000472722675945
0.000405029956977
0.000341376946326
0.000337602047824
0.000613836738499
0.00050746418575
0.000361692974725
0.000340851026103
0.000480131969511
0.000443459230085
0.000519833027384
0.000266903092479
0.00030754408178
0.000403686682831
0.000408916931076
0.000454257912092
0.000556879891087
0.0003582080213
0.000340910112946
0.000430095409031
0.0004338807519
0.000262585355868
0.000399110717397
0.000340833356284
0.000329624331685
0.000435769303466
0.000459870051101
0.000365108030785
0.000471528327883
0.000342734739799
0.00048120388414
0.000423454080161
0.0005956039704
0.000509585937992
0.00035150078809
0.000315915078803
0.000736263883845
0.000317692236439
0.000205857566645
0.00040680437226
0.00041665584546
0.000407191065581
0.000444573008709
0.000331895435498
0.000285707830912
0.000446244713219
0.000506620277038
0.000392775441087
0.000377142311154
0.000406001322437
0.000344515247366
0.000603546729305
0.000286142138369
0.00044357975653
0.00035795199413
0.000502749041424
0.000323690041026
0.000389998924555
0.000397023421043
0.000431292681731
0.000445512773367
0.000351148670906
0.00039154659499
0.000321931097475
0.000343207800156
0.00058625446208
0.000497345668273
0.000203809431349
0.000405479879694
0.000250128634488
0.000286107157613
0.000627490036583
0.00039485083064
0.000267436272572
0.000280024401807
0.000483823121294
0.000302219917482
0.000455466671108
0.000325267171228
0.000253484567305
0.000495393147894
0.000409481903935
0.000501568586825
0.000483195848521
0.000408268552669
0.000285551253948
0.000293021741319
0.000498727106283
0.000300637936336
0.0003086928037
0.000358287558034
0.000529987757702
0.000346485979196
0.000279238968113
0.000232654516956
0.000374708669251
0.000346547035775
0.000533978185822
0.000293452784797
0.000277172557767
0.000404462047675
0.000345684302807
0.000320569280491
0.000403890486503
0.000276286229984
0.000382763067506
0.000669498842466
0.000259107996426
0.000374411242364
0.00036900956418
0.000433942382175
0.000269178605074
0.000230405374495
0.000265004577226
0.00022866281102
0.000528901454997
0.000205023133172
0.000280984006377
0.000436240963917
0.000336105325102
0.000411703043904
0.000432471459519
0.000336572975693
0.000385264686759
0.000241437283472
0.00035809525565
0.000451483218421
0.000418645710918
0.000453961116942
0.000269940005971
0.00051080466022
0.000353979578714
0.000310277221475
0.0002624215651
0.000296654805056
0.00038717398022
0.000292066114925
0.000328759347862
0.000406999764099
0.000169423419838
0.000308354392569
0.000460402215158
0.000395511816847
0.00033342314523
0.000498538071327
0.000384669857552
0.000333824115405
0.000262982959731
0.000259694545003
0.000315636402534
0.000374726909955
0.000288731047983
0.000499046334914
0.000493228053349
0.0002227850823
0.000256766074944
0.000311911140706
0.000519634016089
0.000391280289021
0.000164743709979
0.000478347784522
0.000355097147683
0.000231809284926
0.00044748841035
0.000176203168314
0.000415078802038
0.000317325996837
0.00027272819363
0.000274083738407
0.000351205565616
0.000385011450624
0.000237399863023
0.000314985202243
0.000384332001662
0.000321501596704
0.000369448441065
0.000421517259992
0.000414889273125
0.000286614451304
0.000541068582602
0.000338202271157
0.000393549459878
0.000370170542501
0.000437673195972
0.000360399949926
0.000427787249513
0.00034998731016
0.000354900522199
0.00038871809104
0.000401132683199
0.000293562386575
0.000352820701428
0.000427233364427
0.00043073636631
0.000359636254942
0.000499859675518
0.000412108615545
0.000518271545363
0.000418917871977
0.000357334044374
0.000333236578043
0.000404211561984
0.000393809369419
0.000234264029473
0.000378904536801
0.000387167119054
0.000364482594237
0.000488694932125
0.000293960785466
0.000207959295851
0.000365569245959
0.000381501521877
0.000457559670754
0.000646732673229
0.000387888704909
0.00037192740294
0.000360335875654
0.000461098697312
0.000235450594633
0.000478630833007
0.000187174173113
0.000614697575918
0.000518572061031
8.3495846914e-05
0.00041089444408
0.000364036649729
0.00038045040808
0.000293610121187
0.000477417299262
0.00040618856764
0.000382952573983
0.000283863427467
0.000435419191037
0.000351321685695
0.00051735498242
0.000380705482536
0.000192244878117
0.000370441525527
0.000246951791177
0.000180512036888
0.000452178428128
0.000407088936123
0.000303854106341
0.00018679964644
0.000276465797895
0.000408178417819
0.000439313890302
0.000143941286966
0.000208663935304
0.000484436837013
0.000478986613754
0.000412748083932
0.000409021398031
0.000356188923429
0.000218192388607
0.000394597679233
0.000368992301813
0.000271728544406
0.000377222444171
0.000278556092188
0.000294992427284
0.000395694539071
0.000507367070186
0.000304160324692
0.000392685900299
0.000490447926879
0.000414308556619
0.00039871654815
0.000391788694559
0.000399657110214
0.000294261412422
0.000362226629136
0.000399079408063
0.000310704532822
0.000281892008376
0.000283953048298
0.000370295183926
0.000335335481873
0.000327535235315
0.000537790787126
0.000395119682514
0.000250184561558
0.000289316795928
0.00042020023044
0.000358334714154
0.000303649346456
0.000411708284147
0.000160183760466
0.00019299679287
0.000304028827253
0.000243453763008
0.000379962106773
0.000294970545606
0.000355552778534
0.000331881124711
9.11351423463e-05
0.00016830833311
0.000270023602419
0.000316903277486
0.0003671174688
0.000437961428126
0.000272106932518
0.000187021952695
0.000252788470287
0.000464289740623
0.000232901704692
0.000516401616089
0.000474610154345
0.000439234794934
0.000407378156321
0.000392797331938
0.000417602784598
0.000258840642555
0.000473708494373
0.000492145846591
0.000579591914324
0.000370643493046
0.000431572489604
0.000576853466496
0.000165589704979
0.000274492780371
0.000549096294883
0.00040878192499
0.000345948675398
0.000374166246193
0.000454034224256
0.000344272824472
0.000161376191796
0.000483761775434
0.000235538552902
0.000342125828584
0.000534600119887
0.000279524877434
0.000336974326543
0.000606190614874
0.000301989190399
0.000364932072404
0.000259203095662
0.000375689675841
0.000223478329572
0.00022205612398
0.00051984600908
0.00044868271536
0.000355709599035
0.00016724068045
0.00025697498447
0.000305117154353
0.000159331106473
0.000383959257816
0.000459341973823
0.000644486442877
0.000535930624478
0.000414018177954
0.000373824792116
0.000270758829602
0.000112764971068
0.000315284763395
0.000391828047761
0.000310549680859
0.000329434981853
0.000421544436669
0.000339311357996
0.000325530547651
0.000280243052814
0.000510323654209
0.000428277618572
0.000168384073871
0.000304900244315
0.000266420788598
0.000157310324556
0.000443509835435
0.000283290759755
0.000454727500754
0.000206721437286
0.000446605659201
7.19377494317e-05
0.000341663175987
0.000329681085733
0.000266074878386
0.000588289966898
0.00046183813813
0.000499971972532
4.44554789556e-05
0.000150267291786
0.00028375293387
0.000441005089651
0.000301126425057
9.13824008016e-05
0.000504542691573
0.00041292162367
0.000397580698664
0.000153519910227
0.00032954786287
0.000281420401023
0.000393893504052
0.000405753843441
0.000287596225248
0.000237721725418
0.00041210604269
0.000240024688788
0.00047652665282
0.000232072637655
0.00040436481644
0.000370033360026
0.000315021363715
0.000305408840324
0.000370181626603
0.000180911476853
0.000123429843818
0.00032913502662
0.000295243419243
0.000367028697899
0.000354352004887
0.000243341454594
0.000574095118248
0.000118825847219
0.000381121275016
0.0004032506265
0.000349481551499
0.000383875871401
0.000381348387031
0.000254189057713
0.000340307973351
0.000462227170913
0.000342880101148
0.000269986115461
0.000513649794737
0.000316192735476
0.000506805709563
0.000352852798175
0.000206831102815
0.000307334794194
0.000202817860392
0.000497718198568
0.000405142329507
0.000546526798086
0.000769681235192
0.000365279551335
0.000497520986519
0.000216577053441
0.000316181625025
0.000477062934286
0.000286252698611
0.00034082491763
0.000492221105835
0.000244820072364
0.000285700532694
0.000450264403374
0.000440976308296
0.000293959233944
0.000235066903835
0.000666193110844
0.000601713201518
0.000470840204765
0.000313914320879
0.000305657745547
0.000373948949408
0.000589495761461
0.000250568051839
0.000266722446193
0.000450772848965
0.000217608113006
0.000174755517442
0.00038504485852
0.000532053697557
0.000525366487372
0.00026494808514
0.000388018222414
0.000226270595371
0.000312489747567
0.000209739201326
0.00050319306004
0.000531167552715
0.000263970665071
0.000809804944692
0.000507495674158
0.000503419153479
0.000310964412283
0.000572770279254
9.92039111688e-05
0.000309210174264
0.000417153383396
0.000488447505257
0.000580102675083
0.000406468632894
0.000173145547506
0.000351818956139
0.000137166352974
0.000225476094084
0.000477521370117
0.000545150474365
0.00041611331592
0.000436433609712
0.000666898734513
0.000473441435473
0.000620745257316
0.000472839842671
0.00025536011869
0.000294260093258
0.000442606299988
0.000559595345252
0.000368603774974
0.000119636283036
0.000428993625366
0.000383284512417
0.000468228048003
0.000627729555822
0.000303114068684
0.000372850912842
0.000413521610008
0.000334338491083
0.000405085111433
0.000276147655653
0.000252559729344
0.000375639470685
0.00057457115639
0.000364654072971
0.000418958538843
0.000253766242328
0.000468062934785
0.000319160767464
0.000457076158504
0.000317286765797
0.000152122266938
0.000391777766858
0.000562505398895
0.000618346037016
0.000432700049067
0.000440056191931
0.00056090231104
0.000563698888981
0.000357464888379
0.000422936823164
0.000594408678078
0.000423671599967
0.000371543308219
0.000282197681618
0.000422570380983
0.000608913064711
0.000346316989079
0.000286323952189
0.000395733610393
0.000536166456641
0.000575299762646
0.000383215455145
0.000276330149063
0.000569106299921
0.000208474581845
0.000422080393059
0.000376336316833
0.000559141201843
0.000438673433611
0.000411942412859
0.000258870907922
0.00035332977346
0.00023897256123
0.000487380331704
0.000467078264074
0.000444556024541
0.000354544972058
0.000464334875243
0.000412870165675
0.000361825119377
0.000290293021869
0.000459281122169
0.000518342977185
0.000540788966563
0.00034934589312
0.000460061074813
0.000417321122594
0.000332167198573
0.000284144001673
0.00020759979395
0.000344306872645
4.46597741989e-05
0.000424438378022
0.000642380984381
0.000414376584725
0.000390943710524
0.000406006432541
0.000439357866313
0.000250837652606
0.000207753001587
0.000351801268711
0.000279792813161
0.000467560844805
0.000462454732661
0.000463808550373
0.000516870321917
0.000322541432999
0.000509870065006
0.000436831696502
0.000496886773996
0.000457049798121
0.000369098307747
0.000498272167449
0.000307302000744
0.000383534439732
0.000218504703325
0.000463662387424
0.000305071303629
0.000474395581863
0.000722106875069
0.000412465685823
0.000618218192071
0.000468971509534
0.000371141586296
0.000442766959128
0.000311508492537
0.000378278021751
0.000371105263006
0.000421971493564
0.000343813173651
0.000456882446259
0.000472879480246
0.00022750160037
0.000492299046646
0.000491797734026
0.000155175375266
0.000418367421114
0.000393469005237
0.000318000739144
0.000497187447604
0.000508267399021
0.00036278103704
2.121032461e-06
0.000519795406833
0.000609049219909
0.000146686526366
0.000458299937878
0.00026574049721
0.000478128604018
0.000339211457914
0.00050446147533
0.000510438051693
0.00056026617581
0.000424229463282
0.000449742134796
0.000468291364902
0.00042548540696
0.000210625297084
0.000362160212885
0.000388031496453
0.000409321992946
0.000467790910915
0.000421560205826
0.000440311944802
0.000502807078779
0.000143279765656
0.000535108065119
0.00041528584701
0.000421630671107
0.000384997953741
0.000207960072377
0.000261272593288
0.000407128322765
0.000307643858504
0.000553069704884
0.00024432338224
0.000238095333133
0.000144394079462
0.000389020181766
0.000368168565616
0.000422249511987
0.000435758583108
0.000390075165824
0.000430634722676
0.000364598637474
0.000382088579589
0.000618688026428
0.000365485471358
0.000594576627859
0.000310318207321
0.000354144550096
0.000275468928383
0.000397263414638
0.000420929690415
0.000419643312332
0.00039455005405
0.000322472812674
0.0003635874947
0.000505897333888
0.00047974741559
0.000384976458243
0.000310615145743
0.000371891733327
0.00043716807908
0.000521635425274
0.000485819141721
0.000379536665992
0.000382539859133
0.000498363183215
0.000354786417036
0.000406683251001
0.000509130889366
0.000419971300701
0.000272297857229
0.000365449085339
0.000248474618282
0.000318250547905
0.000339417212057
0.000548130624676
0.000495258765059
0.000526170926686
0.000242433511756
0.000461864346549
0.000353024159523
0.000377622807446
4.42235161791e-05
0.00053010775588
0.000414457529417
0.000299900198172
0.000601118134697
0.000318364393105
0.000435022472719
0.000367050788476
0.000511704417171
0.000337600205906
0.000523880973752
0.000410268883983
0.000426389573811
0.000313643832719
0.000395812584618
0.000382690028821
0.000347920650548
0.000433444204964
0.000440642937276
0.000331102679045
0.000227839619311
0.000404575044332
0.000391433088315
0.000379033156459
0.000617262053781
0.00036356386765
0.000349301013577
0.000336592869762
0.000473223699701
0.000374256850893
0.000475908366262
0.00038447324299
0.000402846570132
0.000267089864383
0.000398006260986
3.00106417469e-05
0.000422671565512
0.000436304498065
0.000411673329844
0.000287361933231
0.000423856013142
0.000330796155701
0.000578315838026
0.000439520846932
0.000276019214949
0.000435408799557
0.000536223567177
0.00033973772526
0.000269076071317
0.000361249735397
0.000310602448688
0.000271334560545
0.000390449435369
0.000391895084223
0.000190216048659
0.000338844018189
0.000386633610985
0.00033572982103
0.000184984095013
0.000412198697104
0.000332949096709
0.000449312058459
0.00021382549027
0.000341366964365
0.000360065792133
0.00036135227323
0.000307144247492
0.000409788807022
0.000244951281833
0.000429750487547
0.000511285167901
0.000299101720416
0.000352322438866
0.000135129893456
0.000171783171612
0.000355610780085
0.000324034644025
0.000618638379157
0.000247835423251
0.000262785855026
0.000156892589419
0.000483234667365
0.000416352043198
0.000305400044502
0.000306955927969
0.000225043283283
0.000285586941184
0.00028120995616
0.00034326993953
0.000355676425422
0.000450358915799
0.000153051183157
0
