0.0259181393921
0.0424115008235
0.0400553063333
0.0541924732744
0.0856083998103
0.0950331777711
0.0934623814443
0.0486946861306
0.0918915851175
0.108384946549
0.0879645943005
0.0164933614313
0.104457955732
0.0801106126665
0.0973893722613
0.0667588438888
0.0840376034835
0.141371669412
0.118595122673
0.234834050856
0.28195794066
0.170431401457
0.340077404751
0.229336263712
0.129590696961
0.179070781255
0.689579587463
0.374634923941
0.376205720267
0.101316363078
0.173572994111
0.156294234516
0.128019900634
0.16650441064
0.438252175176
0.114668131856
0.278030949843
0.561559686829
0.218340689424
0.011780972451
0.553705705195
0.154723438189
0.196349540849
0.276460153516
0.506581815391
0.333794219444
0.16886060513
0.502654824574
0.545851723561
0.24268803249
0.259966792085
0.270176968209
0.508152611718
0.255254403104
0.121736715327
0.223053078405
0.757123829515
0.557632696012
0.312588469032
0.329081830464
0.646382688476
0.346360590058
0.290597320457
0.497157037431
0.598473400509
0.280387144333
0.126449104307
0.356570766182
0.16414821615
0.368351738633
0.379347312921
0.606327382143
0.765763209313
0.274889357189
0.377776516594
0.317300858013
0.258395995758
0.398196868843
0.336935812098
0.791681348705
0.412334035784
0.958185759345
0.225409272895
0.574911455607
0.370707933124
0.215984494934
0.489303055797
0.867864970554
0.220696883915
0.299236700254
0.795608339522
0.45317474028
0.28667032964
0.632245521535
0.176714586764
0.202632726157
0.728849495633
0.382488905575
0.556061899685
0.662876049907
0.644026493986
0.618108354594
0.391128285372
1.00530964915
0.240331838
0.306305283725
0.635387114189
0.2081305133
0.475165888855
0.237975643509
0.41390483211
0.619679150921
0.373064127614
0.759480024005
0.435895980686
0.916559656685
0.407621646803
0.683296402156
0.135873882268
1.03829637201
0.89456850811
0.516791991516
0.430398193542
0.681725605829
0.248185819634
0.190066355542
0.694291976443
0.804247719319
0.748484449718
1.0406525665
0.49244464845
0.232477856366
0.0706858347058
0.252112810451
0.318871654339
0.544280927234
0.518362787842
0.146869456555
0.331438024954
0.441393767829
0.585907029894
0.589834020711
0.65894905909
0.740630468084
0.880431341169
0.425685804561
0.428041999052
1.22914812572
0.824668071567
0.780685774417
0.268606171882
0.914203462195
0.297665903928
0.366780942307
0.295309709437
0.200276531666
0.61496676194
0.621249947247
0.991172482208
0.15943582717
0.703716754404
0.794037543195
1.02887159405
0.245829625143
0.538783140091
0.731205690123
0.505011019065
0.360497756999
0.86236718341
0.423329610071
0.468097305385
0.81602869177
0.808960108299
1.04850654814
0.699789763587
0.596902604182
0.6565928646
0.651095077456
1.07049769671
0.600829594999
0.421758813744
0.927555230972
0.500298630084
1.16631627265
1.24485608898
0.846659220142
0.486946861306
1.081493271
0.800320728502
1.0964158361
0.947190185057
0.726493301143
0.495586241104
1.34852864655
0.310232274542
0.00549778714378
1.26056405225
1.41450209228
1.18045343959
0.548993316215
0.907920276887
0.513650398862
1.37287598962
0.775973385437
0.973108324449
0.735918079103
0.633816317862
0.671515429705
0.900066295253
0.265464579228
1.03122778854
0.754767635025
0.674657022358
0.989601685881
1.07599548385
0.979391509757
0.810530904626
0.578053048261
0.985674695064
1.21501095878
0.878860544842
0.640099503169
0.875718952188
0.660519855417
0.724137106652
0.45081854579
0.523860574986
0.552134908868
0.961327351998
0.692721180117
0.830951256875
0.787754357888
0.812887099116
1.03436938119
1.30768794206
1.30376095124
0.948760981384
0.892997711783
0.965254342815
0.85529859994
1.0084512418
1.20244458816
0.768904801966
0.604756585816
0.521504380496
0.764192412986
1.40664811064
1.14746671672
0.57334065928
0.193993346359
0.410763239457
0.327511034137
0.458672527424
1.30533174757
0.866294174227
0.752411440535
0.293738913111
0.897710100763
0.153152641863
0.90163709158
1.27784281185
1.09405964161
0.227765467385
1.01394902895
1.34381625757
0.944048592404
1.2165817551
1.07442468753
1.06342911324
0.872577359535
0.81838488626
0.559988890502
0.821526478914
0.904778684234
0.272533162699
0.912632665868
0.322798645156
1.08463486365
1.10191362325
0.86001098892
0.530929158457
0.541139334581
0.669159235215
0.433539786195
1.01866141793
0.354214571692
1.10898220672
0.883572933822
0.922842841992
1.21265476429
0.827809664221
0.387201294555
1.31554192369
0.77911497809
1.37130519329
0.910276471378
1.13882733693
0.582765437241
0.739059671757
0.709214541548
1.06892690038
1.32732289614
0.4484623513
1.35795342451
1.0170906216
1.33124988696
1.32889369247
0.478307481509
0.420188017418
1.29512157144
0.696648170934
1.10348441957
0.402123859659
1.29747776593
1.42314147208
1.49225651046
0.677013216849
1.25899325593
0.385630498228
0.630674725208
1.13411494795
0.945619388731
1.05243353895
0.417831822927
1.11055300304
1.50482288107
0.389557489045
1.1780972451
1.35638262819
0.706072948894
0.719424717672
0.929911425463
1.09170344712
0.344789793731
0.842732229325
0.790110552378
1.34146006308
0.733561884613
0.535641547437
1.18359503224
1.37915917493
0.93619461077
1.39800873085
0.783041968907
1.12704636448
0.20577431881
1.07992247467
1.23778750551
1.20872777347
1.04615035365
0.771260996456
1.49068571413
1.11919238284
0.470453499875
1.39408174003
0.210486707791
0.32122784883
1.11762158651
0.395840674352
1.41999987942
1.57943570659
1.17495565244
0.851371609123
1.16396007816
1.4097897033
0.351858377202
1.64619455048
1.2102985698
1.49382730678
0.570199066627
1.1521791057
0.806603913809
1.01002203813
0.954258768528
0.519933584169
0.302378292908
1.50011049209
0.858440192593
1.43021005555
1.10741141039
1.54723438189
1.13254415162
0.65423667011
1.00373885282
1.38072997125
0.688008791136
0.626747734391
1.43178085187
1.31789811818
0.56627207581
0.987245491391
0.963683546489
0.833307451365
0.888285322803
1.36345121166
1.25035387613
1.35952422084
1.19144901387
0.684867198483
1.28883838614
0.637743308679
0.871006563208
1.32496670165
1.59671446619
1.68782065314
1.36816360064
1.25192467246
1.44513262065
0.64952428113
1.12469016999
0.956614963018
1.21972334776
0.61025437296
1.1136945957
1.27627201552
0.406050850476
1.68546445865
1.28176980266
1.47733394535
1.34695785023
1.06657070589
1.52210164066
1.28019900634
0.715497726855
1.24799768164
0.998241065678
1.04222336283
0.348716784548
0.717068523182
0.984103898737
1.26841803389
1.61320782762
1.51581845536
0.891426915456
1.02180301058
1.26684723756
1.64855074497
0.918915851175
1.31946891451
0.666017642561
1.29355077512
1.42628306473
1.22757732939
1.41293129595
1.38701315656
0.358926960673
0.528572963966
1.30219015491
1.28569679348
1.58414809557
1.53545340944
1.47576314902
1.14353972591
1.40507731432
1.11605079019
1.20637157898
1.76714586764
1.5299556223
1.12154857733
1.52759942781
0.786183561561
1.50168128842
1.36109501717
1.10034282692
0.315730061686
1.2401437
1.29040918246
0.940121601587
1.63912596701
0.150011049209
1.08777645631
1.46241138025
1.52524323332
0.455530934771
0.526216769476
0.925984434646
1.31082953471
1.61085163313
1.35088484104
1.48518792698
1.46790916739
1.0901326508
1.17102866163
1.25663706144
1.58179190108
1.54016579842
1.31397112736
1.66975649538
0.840376034835
1.51346226087
1.56608393781
1.23621670919
1.38936935105
0.976249917103
1.22286494041
1.53152641863
1.63362817987
1.48204633433
1.66818569906
1.44984500963
0.711570736038
1.45848438943
1.4569135931
1.52053084434
1.39172554554
1.74515471907
1.47969013984
1.33517687778
1.74358392274
1.75065250621
1.24328529266
1.27155962654
1.15924768917
1.71138259804
1.72551976498
1.40272111983
1.02415920507
1.73887153376
1.55980075251
1.33831847043
0.995884871188
1.26449104307
1.74044233009
0.802676922992
0.466526509058
1.53388261312
1.57786491027
1.59514366986
1.51817464985
1.8990927591
1.43649324085
1.13647114244
1.19616140285
1.32339590532
1.59985605884
1.7467255154
1.44356182432
1.61949101293
1.4655529729
1.70981180172
1.60613924415
1.63048658721
1.13018795713
1.25349546878
1.74829631172
1.51110606638
1.00059726017
0.44610615681
2.11429185587
1.69488923661
1.67918127334
1.45298660229
1.47262155637
0.325154839647
1.35324103553
1.65169233762
1.38544236023
1.8260507299
1.57236712312
1.80720117398
1.69017684763
1.18909281938
1.23464591286
1.1608184855
1.70038702376
1.99176974238
1.90223435175
1.44120562983
0.742986662574
1.55665915985
1.96506620482
1.50717907556
1.06107291875
1.64462375415
2.06402637341
0.932267619953
2.042820623
1.69881622743
1.58728968823
0.461814120078
1.86610603623
1.81898214643
1.85432506378
1.7852100254
0.951117175874
1.79070781255
1.81584055377
1.95249983421
1.76243347866
1.6736834862
1.70274321825
1.55037597455
1.37680298044
2.09779849443
1.83940249868
2.11036486505
1.88574099032
1.89123877746
1.14118353142
1.7145241907
1.72787595947
2.09622769811
2.14413698608
1.6650441064
0.837234442182
1.7294467558
1.9375772691
1.61634942027
1.93993346359
1.87867240685
0.969181333632
1.99648213136
1.85668125827
2.03810823402
2.0106192983
1.60221225333
1.67682507885
1.73180295029
2.10879406872
1.57472331761
0.212842902281
1.89280957379
1.18673662489
2.01611708544
1.97998876992
0.746913653391
1.77499984928
1.56922553047
1.73494454294
2.04046442851
1.81112816479
1.05714592793
2.18576308874
2.03496664136
1.75379409887
0.250542014124
1.78835161806
1.9697785938
2.14020999526
2.06795336423
1.83390471153
0.680154809502
1.9053759444
1.9870573534
2.14649318057
1.68153746783
1.65954631926
1.15767689285
1.9462166489
2.13314141179
1.97527638094
1.86453523991
1.72394896866
1.93286488012
1.86767683256
2.10565247607
2.06167017892
2.15591795853
2.04674761381
1.56451314149
1.65719012477
2.0019799185
1.79699099785
1.94307505625
1.95092903788
1.87238922154
2.03261044687
1.78206843275
1.82055294276
1.77657064561
2.02082947442
1.95564142686
2.15356176404
2.02711265973
1.47026536188
2.16220114383
2.2273891914
2.05852858626
1.99019894605
0.511294204372
1.96820779747
1.98155956625
1.55508836353
1.87710161052
1.80484497949
1.67211268987
1.75929188601
1.1458959204
1.82919232255
1.7938494052
2.05617239177
2.25959051609
1.92658169481
2.07109495688
2.24466795099
1.70509941274
1.92815249114
1.82447993357
2.18419229241
2.34362811958
2.0899445128
2.05303079912
1.76557507132
1.720807376
1.83154851704
2.13471220811
0.482234472326
2.04988920647
1.70824100539
1.88966798113
2.31064139672
1.62420340191
2.37661484244
1.89752196277
2.2745130812
1.88417019399
1.86924762889
2.02397106708
1.71845118151
2.21325202445
1.89516576828
2.29886042426
2.31299759121
2.13157061546
2.36169227734
1.77971223826
2.10094008709
1.77264365479
2.12450203199
0.885929128312
2.19832945935
2.32634935998
2.16691353281
2.32477856366
2.32792015631
2.12685822648
2.00669230748
2.23602857119
2.28865024814
2.08366132749
2.02946885422
2.46850642756
1.59200207721
2.201471052
2.283152461
2.07423654953
2.34205732325
1.95799762135
1.84254409133
2.40331838
2.25409272895
2.22110600609
1.79934719234
2.15827415302
2.20382724649
2.11821884668
2.1692697273
1.86060824909
1.92422550032
1.85118347113
1.91008833338
2.2423117565
2.42452413041
1.4977542976
2.20853963547
2.09465690178
0.798749932175
1.91322992604
2.2572343216
2.3389157306
2.21953520976
2.08680292015
2.18105069975
2.29257723896
2.38918121306
2.66014357943
2.41902634326
2.57610597594
2.12136043934
1.91637151869
2.23131618221
2.42845112122
1.8818139995
1.66347331008
2.13785380077
2.22346220058
2.54311925308
2.27765467385
2.71276525637
2.49678076144
2.36876086081
2.26116131242
2.57217898513
2.3538382957
2.47007722388
2.55411482737
2.07659274402
2.27294228487
2.32085157284
2.46300864041
2.51798651185
2.48185819634
2.18969007955
1.96035381584
2.40096218551
2.34834050856
2.69627189494
2.66328517208
2.57453517962
2.68134932984
2.56432500349
2.74418118291
2.62087367126
2.26744449773
2.53526527145
2.37425864795
2.50856173389
2.14256618975
2.50306394675
2.60123871717
2.65150419963
1.96349540849
2.30907060039
2.30278741508
2.91618338069
2.56118341084
2.70098428392
2.6585727831
2.53369447512
2.82193560109
2.39310820387
2.11272105954
2.51170332655
2.49835155777
2.59259933737
1.41764368493
2.47164802021
2.63658163453
2.33420334162
2.67270995004
2.65307499596
2.1951878667
2.29728962794
2.55804181819
2.27137148855
1.84647108215
2.49442456695
2.67663694086
2.5706081888
2.39703519469
2.15042017138
2.62480066207
2.40567457449
3.05834044827
2.46693563123
2.52662589165
2.93032054764
2.83136037905
2.8345019717
2.72533162699
2.6114488933
2.60516570799
2.78816348006
2.97508824295
2.38132723142
2.59024314288
2.96095107601
2.44180289
2.80858383231
2.79287586904
2.83293117537
3.00022098418
2.75910374802
2.80701303598
2.7465373774
2.40803076898
2.35226749938
2.38682501856
2.91461258437
2.44730067715
2.28158166467
2.91225638988
2.67977853351
2.53919226226
2.76067454434
2.79130507271
2.523484299
2.66799756106
2.81879400843
2.64914800514
2.33184714713
2.77716790577
2.75596215536
2.89419223212
2.78030949843
2.53133828063
2.71119446005
2.50070775226
2.95859488152
2.81486701762
3.01749974377
2.32320776733
2.82978958272
2.84706834232
2.45279846429
2.83764356435
2.86199090742
2.45672545511
2.72925861781
2.80544223966
2.2336723767
2.17633831077
2.45515465878
2.93346214029
2.87769887069
2.25016573813
2.43944669551
2.90126081559
2.84863913864
2.68684711698
1.83704630419
3.05519885562
2.5148449192
2.4740042147
2.55175863288
2.47950200185
3.05676965194
2.76852852598
2.86356170375
2.33734493427
2.62794225473
2.73397100679
2.89811922294
2.5855307539
3.1219576995
2.87377187987
2.56825199431
2.38525422224
1.93129408379
2.26351750691
2.23995556201
2.97901523377
2.41352855612
2.81722321211
2.75124976638
3.04498867949
2.84549754599
2.78345109108
2.47714580736
2.80151524884
2.71826304352
2.081305133
2.64757720881
3.01514354928
3.00493337316
2.76538693332
2.81329622129
2.99629399336
2.84392674966
2.22974538589
3.11253292154
3.04813027215
3.02535372541
2.87220108354
2.74261038658
3.0834731895
2.63265464371
2.92796435315
2.95702408519
2.52191350267
2.2658737014
2.90361701008
2.86984488905
2.96409266866
2.42295333408
2.94681390907
3.09682495828
2.99865018785
2.9719466503
2.90518780641
2.92403736233
2.60830730064
2.883982056
2.80387144333
2.17398211628
2.87612807436
3.02378292908
2.72219003434
2.99315240071
2.35697988836
3.07797540235
3.13216787563
1.92029850951
2.59574093003
3.11017672705
2.96644886315
2.95231169621
2.8580639166
2.94131612192
3.02849531806
2.48971217797
3.03320770704
2.77402631312
3.12824088481
3.13452407012
2.36404847183
2.31849537835
3.02692452173
2.89183603763
3.02064133643
2.78580728557
3.0921125693
2.58081836492
2.54861704022
2.65543119045
2.79601746169
3.07404841154
3.03634929969
2.77167011863
2.73946879393
2.63972322718
2.81172542496
2.61537588411
3.12038690318
-0.009072320486683496
0.02096686382749398
-0.0006169722501450592
-0.008420510229417592
0.004155369088006008
-0.006988063564215728
-0.00792010124519513
-0.0010214463151178499
-0.0019083603903591706
-0.0033719453413257653
-0.002827788263015905
-0.0018131554237710832
-0.0014793488133103049
-0.0029363807020645885
-0.0013385425368194744
-0.0028543937816237624
0.0030911900345591565
-0.0004518137499911297
-0.001053159512018189
-0.002892875622506197
-0.002995995710603806
-0.0006928998339311141
-0.0026147930664383264
-0.0003548651792015263
-0.00028937266058287663
0.0023328441814029093
-0.0019014315646927122
0.0008860050200904926
-0.0020261678442626075
-0.00031273990173434293
0.001474963505269552
-0.001302090025229893
0.0003151754294787342
-0.0018958439241815329
0.00030483913319007594
0.0018972681834938726
-0.00035770566067922215
0.0015657748437754697
-0.0014338376726422198
0.00041618237012708075
0.0002826925782884302
-0.0014185434941175808
-0.0007127998683790982
-0.0012540898841749213
-0.0005907445677192355
-0.0012498607732566302
0.00027250381483089276
-0.0012796110880133366
-0.0009290408015747247
0.0007741858313655154
0.00042727353892941893
-0.0010752834592411098
-0.0005994858227009301
0.0009892374190375414
-0.0009321222232320277
-0.000646253252228924
-0.0009315245511934184
0.0005827195060745619
-0.0010780464749973724
0.00020074085705542934
0.0010601850288965984
-0.00026649227831492537
0.0010784609107259212
-3.620817182199403e-05
0.0009836069344269572
0.00042343621048134195
0.0006936490117622398
0.0007827402147372191
-0.0001870490986176203
-0.0010126360294279411
-0.0009352873139311194
-0.00042354347842935204
0.0010050024909605596
-0.00013323632237107735
-0.0006710646641500753
-0.000747044311130133
-0.0006505974229651744
0.0007630672503475586
-0.000942421216754635
-0.0003008424843743303
-0.00047494797699783325
0.0008616212191535628
0.0004776641583732489
0.0008485931925004013
-0.0007110466201182533
-0.0006204132578401433
0.0007320322646256385
0.0005881130670925204
0.0001981964936540251
0.0009154296680602018
0.00048311660722837773
-0.0007744550145181988
0.0007577894971388308
-0.000504578635642877
-0.000902325849642483
7.259466301707027e-05
-0.00016676311535240173
0.000885373963468229
-0.0005512590821808978
0.0007067688616677641
-0.0001792284063770374
0.0008720409689736517
0.0007701057956717148
0.00041982993390599364
0.000876264912516646
1.5850123990734933e-06
0.000772467884526194
0.0004089623633468122
-0.0008594447340568594
-0.0001394157331711073
0.0006224382080380948
-0.0005859612901764085
-0.00037156833577917705
-0.0007460730534425171
0.0008056943090933028
0.00020527991647065327
0.0006649975859987509
0.00046881513663945987
0.00013819462387475436
-0.0007932025255715738
-0.000567001771015299
0.0005681358093667485
-0.00014530967852805106
0.0007770805846492347
-0.0007346379349941652
0.0002859896656318613
-0.00014210188907190022
0.0007714307129626283
4.3331742716452985e-05
-0.000781300755734381
0.000663738667526855
-0.0004064706369455406
0.000680501359525523
0.0003683977703424366
-0.0007249660969049199
-0.0001837459424125436
-0.0006959692493283214
-0.00027005036564805744
-0.0006915435700445622
0.00028072089520222055
-9.155799778564109e-05
0.0007379842513146567
2.104313795598751e-05
-0.0007425239172741446
0.0007131005702330841
-0.00019795994967311748
0.00032588618349644
0.0006556713476685267
-0.000519599925715603
0.0005118536404676568
0.0007039533693919555
0.00015942095584323303
0.0006608906910944354
0.0002575345340255935
0.000304283983178089
0.000636251461020674
-0.0005933528817068294
-0.0003760525178130769
0.0004926483991615788
-0.0004814900371403035
0.0001399031165626609
0.0006743093356030323
1.341504484478423e-06
0.0006824539548063454
-0.0003373416757590522
-0.0005887994838496383
0.0005028465699779199
0.0004329420042929711
-0.000594651244726879
0.00025895972461974773
0.00017209904032110973
-0.0006195225652049656
-0.0006137864647847531
0.0001874900235227593
0.0006346105591342764
-8.527593561931335e-05
0.00028304883592846153
0.0005681652917692452
0.0005240440123721643
-0.0003578127546147481
-0.00023149695581646773
0.0005897829437948026
-0.00024795960593458193
0.0005793830901595032
-8.572077958720787e-05
0.0006229477832044357
-0.00021843647681522266
-0.00058362567151677
0.00015217515005550437
0.0005974764705914358
-0.0005845572130567811
-0.00019410947318565877
-0.0005204963062836141
-0.00032872076561431295
-0.0001663928663927035
0.0005894059649085387
0.00028126758216732615
0.0005409993472713918
-0.00030799063711957765
0.0005248588177332937
0.0005020253604362657
-0.0003404928224756881
0.0003266968756362061
-0.0005099092768803668
-5.454183294878906e-05
-0.0006024231509162195
0.00022306026152504744
0.0005619226241088512
-0.0003284740511565113
0.0005027231063620536
-0.0005870204980396039
9.972034660121363e-05
-0.0005356757825936492
0.00024972230407901904
0.00017803076267865648
0.0005623707697120803
-7.06633360018476e-05
-0.0005837032671814169
-0.0005534815380803681
-0.00018544377724931112
0.0002810141893806827
0.0005083135985464798
-0.0003757335704796333
-0.00043525875945990496
-0.0005714477838394858
4.910256593059862e-05
-3.7807787794004734e-06
0.0005714695919105392
0.000505653892545153
0.0002611582687266486
-0.00048795104604718655
0.0002844835769628783
0.0004511302040073136
0.00033364502178202
-0.0005586607478045493
1.4231462779672535e-05
-0.00038116049556715677
0.00040214397651947996
-0.0004595600568741846
0.0003037523837383905
-5.696772382617382e-05
0.0005462232326355502
-0.000515459910706994
-0.00017376624078850933
0.0004664680417691474
0.0002778171314094896
-0.00013337401632136552
-0.0005246972036726701
0.0002297693374446518
0.0004900598738282363
0.0005402035376131516
4.167982835925621e-06
0.0005369423518835426
2.5329059243570388e-05
0.0004998470616663258
0.0001866823484328723
0.00022918529813875177
-0.00047868040702853787
0.00039143146444057874
-0.0003560609397788404
0.00011898002992533347
0.0005122214460222834
-8.71442285174917e-05
-0.0005133480526069656
2.6283029889010726e-05
-0.0005126422714224005
-0.00041538372491537314
0.00027407532826932425
0.00015841991525802313
-0.00047162793691770256
-0.0003661135716707139
0.00033623574879837877
0.00011751243730337519
0.00048263416633951683
-0.00027922238354485894
0.0004107992120621789
-0.0002583681371196498
0.00042253768435842253
-0.0004924472344228956
-4.401194067833923e-05
0.00010497489319229014
-0.00048185323275234195
-0.00031259487824656393
0.0003810364377763538
-0.0004856157251094898
5.503922843084784e-05
-0.00018366676548329513
-0.0004527612249683568
-0.0004733609720799798
-0.0001164323143280847
0.0004187740405014182
-0.00024191716205850395
-0.0001285464864530599
0.00046611025805413285
-9.776151942567246e-05
-0.00047184818455007436
0.00019917839996841724
-0.0004376921454407071
-0.00047075826371141853
-5.4351079678341326e-05
0.0003927005751723074
0.0002642715724888127
1.5101498980536865e-05
-0.00047189318889406204
-3.8019630466253284e-05
0.00047006191516393993
-3.9647103710534506e-05
-0.0004663774719648931
-0.00037660903271242725
-0.0002741893692042648
-4.773678836203769e-05
0.00046139412541417303
-0.00037937248899787366
0.0002609360027921811
-0.00045535482654895053
-6.151975819329865e-05
-0.0004321267575947872
0.00015579165784429
0.00017197756194587633
-0.0004207317369717004
0.0003192040047560496
0.00032233327482989187
-0.0004047802066386353
0.00019611218110847538
-0.0001108411366861066
0.00043523143492845816
-0.00043094117672103495
0.00011690847895901968
-0.00022410997042976628
-0.00037660768238718045
-0.00016626355639296788
-0.00040285007382509806
-0.00030830054013053585
0.0003063433363115629
-0.0003191945066374887
-0.00029450157847204215
0.00016574372403307933
0.00038952500508521995
7.27420589406332e-05
0.00041574822217800995
0.00020613446694879855
0.00035723375329289154
0.00020381800135959338
-0.00035449154997819446
-0.0002977258778376392
0.00027903209324676537
4.279747786296047e-05
-0.0004030585940921021
-0.00023160892560809948
0.00032861869010948077
0.00018614674061115114
-0.00035581367421532145
-0.0003999804627391045
-2.173815187490559e-05
-0.00019062358423129201
0.0003520146159509764
0.00037466593003451527
-0.00013357797915652231
-0.0003729158283365621
-0.00012464889337507242
-0.00036645428895465274
0.0001424582030134789
-0.00028267308355702837
0.00026934615616093857
0.0003057099813889749
0.00023633739589979337
0.000328500828727214
-0.00020260538901791737
-0.00033517346210831485
0.0001892762826171508
-0.000244136421172155
-0.000296968564676634
-0.00021167396769586623
-0.0003204633655741186
0.0003414417554885908
-0.0001750560466888047
0.00015191933426321407
-0.0003523404756263476
-0.000338092885876037
0.00017218608605840886
-0.00030232169115914666
-0.00022643811722624157
-0.00011813557642087358
-0.00035744502672829527
-0.00011131591671226914
-0.0003595061619989784
0.00035171236823642845
-0.0001241063576155729
-0.00037003316970379754
-2.5346857500034078e-05
-2.712086092811463e-05
-0.00036698050789342397
0.0003563436899994067
8.510294439124287e-05
5.1649068177875156e-05
-0.0003623340399957569
-0.000257016134768959
-0.0002590994162333433
0.00033931025888924126
-0.00012965245540032006
0.00035385585765867957
-7.727969152081082e-05
-0.0002842693199755101
0.00022163944489767557
0.00019788795274828966
0.00029767500319488133
-0.00028043553111138284
-0.00022150302158796648
0.00034724852482815585
-7.66667263568308e-05
-2.947609133993696e-05
0.0003542835848880438
-0.00035422995092868856
1.567248820208983e-05
-0.00026530468173067723
0.0002318800173225621
0.0002863294754893171
0.0002036460942701055
-0.00011270477706912255
0.0003300209599541606
0.00027279069367128434
-0.0002156048343305904
0.00034306154309727367
-5.547833005436237e-05
0.00031640929035190547
-0.0001394876990879013
-0.0002037782127877394
-0.00027701463200290434
-0.00019400069977574364
0.0002836666845718594
-0.00020990700761733974
0.0002706611703149752
-9.181478444940433e-05
-0.0003284259355179614
0.00029226725783632675
0.00017525307416011533
0.0003161522512509283
-0.00012362354915229686
-0.00013678004692285072
-0.0003092960460659597
-0.00028639769189016477
-0.00017831572302375143
0.00031999692866707154
-0.00010686920234597318
0.0003268174576508871
-7.196395180784191e-05
0.0001290484629318287
-0.0003076322662092106
-1.3540005020742401e-05
0.0003324151091298074
-0.00014477242300031085
-0.00029950627291611945
0.0002886894810574887
-0.00016223307818914644
-0.00023573969744812595
-0.00023095849664386532
-0.00021196757797341042
-0.00025235538068387354
-0.00028822761066331213
-0.00015468789326638526
0.00013251493867380904
0.0002981915576116758
0.0001811072003799554
-0.0002696553823385003
-0.00032303554625541514
8.984601809674406e-06
-0.0002897591140666141
0.0001412271683455183
0.00022893425358248165
0.0002266730184781187
-0.00012100943896976369
-0.000298201458492365
0.00031660636080866825
-2.2550574310003067e-05
-0.00031279155224757106
4.8312186392189675e-05
-0.00031618499651074594
4.637267909114256e-06
-0.0001848573010165082
-0.00025632175438384375
-0.00021022436947463002
-0.00023593902871066485
0.00031425808568770155
3.676992777256749e-06
-0.00030537692465179794
-7.341115605358201e-05
0.000295273014434495
-0.00010290822195703507
-0.0001777665639772811
0.00025491444847261144
3.7294236405659276e-05
0.00030839442384657034
-0.00018388630387651357
-0.00025007707400409547
-6.312503369988943e-05
0.00030358390002834976
-0.00029763287978712796
-8.052208058585952e-05
0.00030689799076872524
-2.5442500487285995e-05
-9.299185413989177e-05
-0.00029092306665236164
0.0002545186115777073
-0.00016856013525233345
0.00030160045436303473
4.561540875097051e-05
-0.00023890517509021506
-0.00018901216049657107
-0.00013656942855881258
0.00027104124689051874
0.00026952874470478384
-0.0001388918922640162
0.000290756269780146
8.335897383085478e-05
-0.0002909954884933615
-8.138099939623372e-05
-0.00019767530682939232
0.00022662993137089054
0.00017834139435698665
-0.00024167132578880207
-7.51802954421619e-05
0.00028872366253443184
0.0002736318854301666
-0.00011553941739879584
-0.00026761770248369827
0.00012263801051657082
5.631178911660567e-06
-0.0002941563720303948
-0.00027346312569229527
-0.00010702520904838647
5.244762406756587e-05
-0.000288510776729483
-0.00029236968004117437
-8.481379609226903e-06
-0.0002229670999968743
-0.0001891903709253431
0.00012301771364207898
-0.0002651597310796264
-0.0001890640857473554
0.0002229282064113806
-0.0001231191059571822
0.0002642692688173358
0.00012254816422728213
-0.00026378972875402604
-0.0001701016863218049
-0.00023355783783139604
-0.00012560110513977577
-0.00025891683413233394
-0.0002466307867876987
-0.00014544106945359493
0.00013246373122071983
-0.00025359341512841047
0.000251452331886888
-0.0001338650568211733
-0.00026833019671408377
9.408603152657988e-05
0.00017824474022897386
0.0002209154047808528
6.042844135586856e-05
0.0002771297652565136
-0.00023584901180978047
-0.00015441211748946102
0.0002815064648767154
3.996734598391992e-06
-4.3742650295239047e-05
-0.00027418501336908587
7.96745293067006e-05
0.0002647052189775017
0.000275185213946571
-8.11093586713997e-06
0.00022427702151344242
-0.00015601447252941105
-0.00023460765555364353
-0.0001390393750920022
-0.0002485718892201843
-0.00011029939456747026
-0.00013903120921800264
-0.00023152711900861306
0.00019386831586361752
0.0001871863097365458
0.00010669002092581281
-0.00024139722984795474
7.857350060564614e-05
0.0002503273017025003
0.00025873190803798774
1.7555723271895375e-05
-0.00025657633645013913
-1.4840403715368815e-05
-0.0002510862254394053
5.271067795741529e-05
0.00013888335738568202
-0.00021472769396349407
0.0002281371676252214
0.00010223053910416114
0.00015003688528235462
0.00019848836147341977
0.00023300390218066282
8.638287594975708e-05
-0.0001938842647782102
0.00015412408463711638
0.0002460164092114974
-2.5069477981734657e-05
0.00021045658272146495
-0.00012798774730658793
-7.36414164524204e-05
-0.0002347409858980457
-0.00021880562935491628
0.00010957104721327735
-0.00012950672651599072
0.00020759956448431825
0.00023444283855032734
-5.8481571894777165e-05
0.0002397454599724384
-2.8696344532194323e-05
-6.23932090121357e-05
0.0002330539704739247
0.0001541952264782353
0.00018445572434307733
-0.00018342156105336709
-0.00014986667203505387
-8.391463975930071e-05
0.00022079625466251326
0.00022749637535537587
-5.4379012892018544e-05
5.5704035116093966e-05
0.0002240229329878291
5.593576238215109e-05
0.00022384830577190187
0.00022302061661734626
5.197441624091302e-05
-0.00018823523598652874
-0.000130378619416041
0.00018832592762515072
0.00012838700083232712
-6.750889848979456e-05
0.00021609380082514084
0.00016176675374582122
-0.0001578167679937548
0.00013295087875749443
0.00017815175953868207
-9.61570008631994e-05
-0.00019980439904131113
-0.00020995708453671217
7.08727928660427e-05
-6.122707407657834e-05
0.00021131592519971437
0.0002083076793723306
-6.041965992515028e-05
-0.00012809984861371278
0.00017370940121875798
-0.0001702681166043071
-0.0001321633819614814
0.00018608284069608792
-0.00010874673477793628
0.00014206567975816632
-0.0001619466524082635
-6.714279681539535e-05
-0.0001992044342597681
3.336283900135934e-05
-0.0002064235120256818
-0.00015299562972660014
0.00014151682654748443
0.0002055633435967783
2.2439414908180465e-05
-8.00305864237017e-05
0.00019015548953434214
-0.00018752533913730588
8.525499407829634e-05
0.00010242670127426163
-0.00017823530946859466
0.00020523052406400078
3.831772463794252e-06
0.00016553153825370635
-0.00011931714819153037
8.822244318232863e-05
-0.0001832012304935745
5.064350399882464e-05
-0.00019649678732154295
2.770036822671873e-05
0.0002001885912113771
-0.00020157283411731085
-1.1089989031913578e-05
0.00019920045685183375
-2.7719468463079682e-05
2.551169222718443e-05
0.00019870144263737033
-0.0001464262608739651
-0.00013584876905494282
-0.00015187212213527604
-0.00012848253910620295
-0.00013170277478610087
-0.00014829750209909787
0.0001903638645448881
5.5481506154048924e-05
-6.547164509336035e-05
0.00018691637454936716
-0.0001435353729430624
0.0001320500072513081
-0.0001654572618146972
0.0001000485639396137
9.325873451859602e-05
-0.0001683743430587035
0.000191375503536446
-1.9691365873382618e-05
-0.00010927904102310959
0.00015831534437888694
0.00019042498763508208
-1.9603966068146295e-05
-2.0344765642376265e-05
-0.0001883480877130593
-5.81188468803632e-05
0.0001794108113629596
0.00015707329463035492
-0.00010069586227158574
0.00011557625657023007
-0.00014640317165838849
-0.0001829110255195434
-3.328828403983855e-05
-0.00017784429038010963
5.4139650098756624e-05
0.00015936191410531042
-9.508097587290685e-05
-0.00016741853664027555
-7.720518028761575e-05
-0.00013911925045462475
0.00011937725923718489
-0.00017395121536488588
-5.54801409703799e-05
-7.16621924038684e-05
0.0001672599362480428
2.7322674025784422e-05
0.00017783354313223346
-7.522571856218278e-05
0.00016328123560781154
-2.106765420372225e-05
0.00017578721150718834
7.76045682846623e-05
0.00015857932046616868
0.0001675285072170287
-5.273827103581226e-05
0.00017521374649506196
4.269409739508623e-06
-3.952575435587197e-05
-0.0001684532270792487
-0.00013448322239245907
-0.00010793158421217604
-0.00011127822056865106
0.00013084890505891324
4.5229855888764535e-05
-0.0001654060544521412
0.00014361777430402293
-9.042871790290281e-05
-5.611197202302934e-05
0.00015930463205022594
-0.00016499009906005042
3.486250054070136e-05
1.7020219777070142e-05
0.000167490735986072
7.084773675097897e-05
-0.00015250710258583706
-0.00010866131461445835
0.0001270389175510579
6.74190226644763e-05
-0.00015281694379768484
-3.648650505878362e-05
-0.00016266846575470733
5.482818011744793e-05
0.0001573604933281821
-0.00016254290194349174
-3.596193292075632e-05
-0.00016568570120320953
5.74739428966884e-06
-9.636039918064114e-05
-0.00013432558931558589
0.00014663740937101481
7.46458103093361e-05
-0.00014789298983436673
7.151275828868464e-05
2.4204913955467104e-06
-0.00016362849880614493
0.00012508522024134273
-0.00010498638743190686
-0.00016036498580941023
3.0692997244244015e-05
0.00013455424241004803
-9.19967256149631e-05
-0.00014451840976183864
-7.479540736836677e-05
0.000162594934056054
3.3707354256926615e-06
1.2920520733660734e-05
-0.00016107716316216008
-0.0001433608406549336
7.342741575690557e-05
4.930059819273898e-05
0.00015237728410668117
-0.00015043754852932297
-5.4058856688275105e-05
-9.946321536304874e-05
-0.00012475004744672756
-0.00014125534757810062
7.398931971112438e-05
-9.054074592267452e-05
-0.00012992819095424107
-1.3475201704541452e-05
0.00015664766889193093
-0.00015595741275208614
-1.251221450882048e-05
3.561342039658727e-05
-0.00015202286784715373
8.645879819245848e-05
-0.00012820714904660993
0.00011073283496822829
-0.00010616869281233661
-0.0001322457942882541
-7.678179741188835e-05
-4.094837439370124e-06
0.00015282307870060027
9.868913276107022e-05
0.00011671542158916758
8.796213892335976e-05
-0.0001232535825278285
-0.00014168743704854591
-5.315020098319495e-05
-7.933464985728319e-05
0.0001288583115955177
0.0001349889016074396
6.740307478271151e-05
0.00010520613866094179
-0.00010557436917277333
-8.484815811266367e-05
0.0001219661320992278
7.797182643527009e-05
0.00012268578321871713
-8.882124900063934e-05
-0.00011301351905419338
0.00013172901239128808
-5.741025719805e-05
9.073892246486328e-05
0.00010914846625974469
5.76259470595675e-05
0.00012950516726390428
-0.00011335875946096835
8.489951012772086e-05
-0.00010512757114206849
-9.419164160470313e-05
0.00013751656880074892
3.066037992709796e-05
-0.00013973787104986474
-1.6064161482558696e-05
-0.00013946669051530957
-1.739047552485913e-05
0.0001175569471546071
7.610180510025302e-05
-0.00013525146098110563
-3.4448428849475245e-05
7.121177224968123e-05
-0.00011917289534508948
-5.5359329803422714e-05
0.00012622349145781286
6.144169392037006e-05
-0.00012313778112182417
0.00012397921803575067
-5.833336416968546e-05
-2.0784923532850424e-05
0.00013514025522286577
-0.0001001195185508425
-9.244351766821906e-05
-0.0001328053043267165
-2.697688498369974e-05
5.520085524275882e-05
-0.00012225098326821936
0.0001280473200987887
-3.579450671879514e-05
9.438943063987987e-06
0.00013184249098054394
0.00012512031675564306
4.158694196857989e-05
0.00012953731741166812
2.4518834795103362e-05
0.000131419657526895
-9.426009140984376e-06
0.00012122435651197687
4.935021436744683e-05
0.00012871720410414334
-2.13834102138315e-05
9.697506104087445e-05
8.663861448132005e-05
0.0001262019496045152
3.122451697735716e-05
-0.00011871531384441719
-5.28799578242713e-05
-0.00012865147376597166
1.67455943588226e-05
0.00012725876352023146
2.487561204608706e-05
2.5884724613380086e-05
0.00012655408480947546
8.72176359438806e-06
-0.00012827624195552105
6.679274167830111e-05
0.00010978568422719036
-0.00010066416494857186
-7.777616636027443e-05
-0.0001234752230382289
2.9094453492991446e-05
0.00012026535555000119
-3.467792987270671e-05
-0.00011091475767140504
-5.752215611771835e-05
-2.7633074460145845e-05
0.00012167667755399858
-0.00011981071164281811
3.436278218014378e-05
-0.00010264093221053888
-7.035581733896027e-05
-0.00010728997689355983
6.21093267001084e-05
-0.00010701520602305366
-6.174119445070318e-05
1.7420352668336553e-05
-0.0001223036753406404
8.939865072347088e-05
8.500622014802593e-05
-1.4299597693391994e-05
0.00012160264561709665
-7.670631410365808e-05
9.505360237775057e-05
-2.0487338139088214e-05
0.00011975231980595825
4.47689702849432e-05
-0.00011270992921893024
-9.65163218426062e-05
-7.036346689925806e-05
-8.143591727265464e-05
8.714911844649106e-05
0.00011802077647648296
1.3963911242801358e-05
6.812946083822205e-05
9.180238543635738e-05
2.7739304803097055e-05
0.00011052826639395022
0.00010906717153913217
3.301738826175058e-05
-0.0001111077586071255
2.047687101649116e-05
-0.0001124011257056899
-1.0152480489220105e-05
5.793204128887386e-05
9.630724087326381e-05
-8.52560789164436e-06
-0.00011169614456754595
-0.00011131252011272454
1.1343779388215151e-05
-8.002960457850208e-05
7.474685361038744e-05
-1.5929741118541695e-05
0.00010757642632711398
-4.450008359196758e-05
9.865731179154615e-05
-5.986661125537882e-05
8.964609563672074e-05
6.327224452297025e-06
0.00010663460205792139
7.604507510517555e-06
0.00010587302524291942
-6.935569177762691e-05
7.727999350189546e-05
-0.00010346937093130917
-8.973729307769073e-07
7.046944125824084e-05
7.543024592663164e-05
9.264109736683735e-05
4.551619323779216e-05
-5.8189064725894195e-05
8.457213471032765e-05
9.957855408105093e-05
2.358533801089069e-05
-9.726156934327729e-05
-3.147455896021832e-05
0.00010090781532700643
1.0757533122248252e-05
1.4782008446150741e-05
-9.987466868949135e-05
-6.471766018948588e-05
-7.631332439528311e-05
5.911598613852162e-05
8.040884557631579e-05
-9.602825891447086e-05
2.587954866171449e-05
-9.641907520325477e-05
2.1246188236384355e-05
-9.753485253322836e-05
1.3326361600158446e-05
-2.5995067030379847e-05
9.367714174773465e-05
-9.393271596289361e-05
-2.4757829566010873e-05
9.490215114778521e-05
-1.908371884473914e-05
8.573512264990174e-05
4.2068075590297874e-05
-6.968318117500958e-05
6.488891297296328e-05
1.2906177570912426e-05
-9.403121070628054e-05
-6.831670462572544e-05
6.56312387440839e-05
-3.5223649336143385e-07
9.303217813757325e-05
-2.1376545123646425e-05
-9.014695517658628e-05
2.039880406719391e-05
-9.02995544111679e-05
8.389874413717725e-05
-3.782689562504066e-05
9.072292488909966e-05
-5.429408185611821e-06
-4.089371071703325e-05
8.106643774675498e-05
7.010575396132202e-06
-9.013990976615094e-05
1.36739296934478e-05
8.843379387385379e-05
-8.223425094010761e-05
3.395705444770053e-05
8.283168276308162e-05
3.221865389848238e-05
-6.628827645136532e-06
-8.761317550318556e-05
-7.999932292832445e-05
3.508754955061567e-05
-3.342663247951655e-06
-8.66589890172168e-05
3.4940817179257734e-05
-7.859945537953991e-05
-8.447957975192713e-05
-6.297804934244316e-06
7.120191751867502e-05
4.574162143131368e-05
1.3248387991630166e-05
-8.304844364730105e-05
-6.594726858737253e-05
5.1662221522051964e-05
-6.27254405303082e-05
-5.376164312953485e-05
-7.639450874025545e-05
3.128477321182743e-05
-8.150131413654997e-05
-4.683084195125284e-06
3.108946788411607e-05
7.474112157511478e-05
-7.885635435009478e-05
1.1419977890730248e-05
-2.432624414010255e-05
-7.568202734864525e-05
-5.706850422102694e-05
-5.46416073966191e-05
5.546662246158404e-05
-5.612964672075134e-05
7.770373028417441e-05
1.3741330689398673e-05
-4.81512007745192e-05
6.145971642866865e-05
5.450475662081683e-05
5.5690863538639504e-05
-7.090211972553098e-05
3.078715813332512e-05
7.723676808215696e-05
1.8142809901104118e-06
-6.904563076640967e-05
3.4054013062995994e-05
-1.9135175611618606e-05
-7.409523323753598e-05
-7.527003342697496e-05
-1.2973069824973092e-05
-7.049823681921119e-05
2.9316664497619925e-05
-1.215764798135975e-05
7.501146889740531e-05
-2.9340511831764838e-05
6.96501071356319e-05
8.317069099344709e-06
-7.50975223781649e-05
6.795538631461098e-05
-3.286641434045602e-05
5.65876282319517e-05
-4.8862790257132974e-05
7.46673171861251e-05
2.2188195524087404e-06
-4.158639116226304e-05
6.16244481403254e-05
-3.522678905150706e-05
6.457457250081358e-05
6.78315431526944e-05
-2.6039627834745892e-05
-7.196410779204073e-05
-3.907924422688724e-06
-7.103540733930511e-05
2.4078523425800913e-06
-6.0817433632303714e-05
-3.668442412099909e-05
-6.12105344859445e-05
3.4215610066263874e-05
-7.210370361857927e-06
6.917633536703794e-05
-9.980288308987284e-06
-6.789948685770988e-05
-3.879692243044155e-05
-5.660144953895047e-05
4.4153935559737796e-05
-5.138983950264056e-05
6.53303795822991e-05
-1.3648034476445955e-05
6.656549778445592e-05
-5.852968343739509e-08
-2.2333034831118107e-05
-6.21611372809316e-05
-6.492412399412114e-05
-1.1671383438326687e-05
-6.353974473894738e-05
1.127995065617926e-05
5.0329965137055066e-05
-3.657070035233545e-05
-5.20878318217215e-05
3.1891479835604474e-05
1.166974876908844e-05
5.984279846468854e-05
-3.6133219779047874e-05
-4.8619558297627364e-05
-5.252616706281632e-06
6.0004532395284444e-05
1.652860862384359e-05
5.767480348144005e-05
7.508448644285293e-07
-5.9912899898035746e-05
-1.2728689236368995e-06
-5.9387158430180385e-05
-5.719844455193447e-05
1.596570535960265e-05
-5.9107754415206936e-05
-5.4400631978879235e-06
-3.996209579655846e-05
-4.384040218448737e-05
-5.7484031384723285e-05
-1.0919930481907314e-05
-5.427573177970253e-05
-2.1471248890414936e-05
-3.942077900286445e-06
5.742285944366371e-05
4.362040167687762e-05
-3.753629908446443e-05
-2.5915418440974336e-06
5.7402910667529216e-05
5.680980619776371e-06
-5.714701869386263e-05
5.4119588981242434e-06
5.714714871061275e-05
5.659908412922825e-05
7.657325207941156e-06
5.634431082332786e-05
5.89727465786935e-06
-5.477948577988981e-05
3.526724442788006e-06
5.1879933509164645e-05
1.752885377246103e-05
2.377535644256723e-05
-4.911442772359756e-05
-2.5746462509788945e-05
4.770048981781952e-05
5.145594230535559e-05
-1.6285848560680202e-05
5.372962832498586e-05
2.491552957369546e-06
-6.20293779666295e-06
5.283490163671767e-05
2.1026776603175063e-05
-4.878195585141837e-05
3.1803145886665304e-05
4.243774988760535e-05
-8.395315784999212e-06
5.1720715852770215e-05
-5.215052197881313e-05
1.1900451944006126e-06
4.0035224497813696e-05
3.263920346528799e-05
-3.456433467901801e-05
3.835393008723725e-05
-5.011254406736912e-05
1.1688293541456452e-05
4.3868035810572085e-05
2.6360150797665142e-05
-4.652007232655196e-05
2.100996562184372e-05
3.5129954709077564e-05
3.658027391909392e-05
-4.9415887252606814e-05
-1.0372324794253069e-05
-3.336867090497313e-05
-3.761000032114794e-05
3.8884938637806785e-06
4.9848866637896864e-05
-4.744531784831162e-05
-1.196806742200139e-05
-1.2850853747656862e-05
4.685441334049442e-05
4.360193313308736e-05
-2.057755195457972e-05
-1.9347588943824295e-05
-4.4068829816438456e-05
4.6478959951303965e-05
-1.0582286194873537e-05
-1.212259634091798e-05
-4.5941579173682686e-05
3.561800021128389e-05
3.098795098987817e-05
-2.8152493515408967e-05
3.7128678908688505e-05
-4.454094246642333e-05
-1.1387690436856235e-05
4.477146883376043e-05
8.734001246808468e-06
2.468165178529194e-05
-3.813632293142161e-05
-2.4489678093508328e-06
-4.4907552427558913e-05
-1.1891663389419979e-06
4.4488956540756906e-05
3.979748974251862e-05
-1.8803924729708605e-05
-2.5912895825959703e-05
-3.554095751029276e-05
4.2183171773702276e-05
1.1830337299040303e-05
-4.264347251412315e-05
-9.865062320622827e-06
-2.4155098002967834e-05
3.649196544391461e-05
7.2694250992984825e-06
-4.284139614839189e-05
-1.1769990878158276e-05
4.1440667355866684e-05
3.596461138641541e-05
-2.34340507696576e-05
4.176137697768662e-05
6.837552701395744e-06
2.0519724049719164e-06
4.176921072864914e-05
3.4687655634270014e-05
-2.3196460259026607e-05
-2.5888270388034042e-05
3.110299472955983e-05
2.5471598427139088e-05
-3.136814528700342e-05
3.7673968932058e-05
-1.3723030013379933e-05
-3.7156030130418486e-05
1.4935366817873773e-05
-1.6813262645137406e-05
-3.615704794183738e-05
-3.839314049566317e-05
-1.0494220354958254e-05
1.9042951972218863e-05
3.477491581689595e-05
3.919866495546659e-05
-1.8044385153174608e-06
-3.5570348703205776e-05
-1.6050718577715923e-05
2.4498374146930422e-05
2.9675749754660476e-05
2.8465346928922554e-06
-3.768887284114337e-05
-2.4309421028293698e-05
2.8754873053968732e-05
1.6726174047039715e-05
3.337469195245817e-05
-8.17936766217875e-06
-3.615333710015936e-05
3.5928106222350935e-05
-9.004611370937204e-06
2.1994384227075947e-05
-2.9004887646032956e-05
2.750117450187395e-05
2.350092131507945e-05
-2.963838444115708e-05
2.0464280895497566e-05
2.264645457295846e-05
-2.792505956191882e-05
3.2346698063300704e-05
-1.562223210253913e-05
-1.074780161838497e-05
3.415104822584189e-05
-3.541424546135727e-05
-4.001531455469064e-06
3.538102865494397e-05
-1.390423233946489e-06
3.0204156884007542e-05
1.7390784964483944e-05
-2.8338920981976685e-05
1.9736355354751378e-05
-2.433611394295543e-05
-2.415354148909981e-05
-2.1924802601036964e-05
-2.6242940031397836e-05
-1.2534073564946998e-06
-3.4136801833550125e-05
-3.095873242639426e-05
-1.4321412110172933e-05
-9.148460698845063e-06
-3.242700736099777e-05
-1.2056445035217189e-05
-3.120441158715026e-05
-1.744897082037178e-07
-3.3412533890019825e-05
3.2974307379929235e-05
4.703270721439501e-06
-2.5445422326843206e-05
-2.1413501039380273e-05
-4.99068184101975e-07
3.3133427060936496e-05
3.0159406222954736e-05
-1.2725129100616322e-05
-3.126104705207853e-05
8.942884147689234e-06
-1.8911553984938962e-06
3.245005713209655e-05
1.6499142978286114e-06
3.240468872379955e-05
-7.699726467770479e-06
-3.135891049777917e-05
9.152935273168558e-06
-3.095745833086335e-05
3.161211395375957e-05
2.4341703628792606e-06
2.8044888181272058e-05
1.3923780168304588e-05
-3.032944031331955e-05
6.863404031480072e-06
-2.276769718691024e-05
-2.0048085161703256e-05
3.0268855816629676e-05
1.2951574387172204e-06
5.288363004210095e-06
2.9695153069249024e-05
-2.4515728550656786e-05
1.6973656327165242e-05
1.1156483957791923e-05
2.7395034876081882e-05
-1.4043143386136686e-05
2.5595606912784882e-05
-3.0340128531581457e-06
2.8694687066887782e-05
-1.3793100362795255e-05
2.5335892393626325e-05
-9.930713959312943e-06
-2.6971546197617574e-05
-2.544495636623201e-05
-1.2264497696800186e-05
1.8176399263806597e-05
-2.096285301359529e-05
3.004782452863508e-06
2.742571228071855e-05
-2.7100010397240277e-05
-1.4574597069616225e-06
1.747272506249721e-05
2.0704975996636564e-05
-1.1566463831239299e-05
-2.433486069717111e-05
2.1793322950877215e-05
1.5755734229337513e-05
-2.311477001352695e-05
-1.3529046914537095e-05
-2.0727512308614693e-05
1.6468288860673972e-05
-1.9929163342450763e-05
-1.7310203374335864e-05
-5.266990581004338e-06
2.5254070814226586e-05
2.568033990345821e-05
-3.9304150116310776e-07
2.541044863342935e-05
-1.9530242831425348e-06
1.7493050437834946e-05
1.850888983861454e-05
-1.1352881315544017e-05
2.2532522447228753e-05
-1.985349588390096e-05
1.5492490042356117e-05
-1.4891245314095415e-05
2.0165098203867223e-05
-1.5721533379979612e-05
-1.935248406333459e-05
-6.245304418041026e-06
-2.3940528665802956e-05
-1.9999530707397654e-05
1.436673994646398e-05
-1.0300451883425474e-05
2.211512158794693e-05
-1.2149736818243829e-05
2.107745320169588e-05
1.6662384011872523e-05
1.7582712539637667e-05
-3.948311355007644e-06
-2.3689064001451362e-05
-1.499197612972386e-05
-1.8579743678653546e-05
-5.372041457935737e-06
-2.3221137528005365e-05
-1.5287875568572958e-05
1.823072389761271e-05
-2.121501712755719e-05
1.061566020153551e-05
-1.3667740720183479e-05
1.9088529027084723e-05
-1.5111026319403864e-05
1.7958314229046978e-05
1.2507553384595305e-05
-1.917355862201755e-05
-1.8016719926610997e-05
1.3870116416418194e-05
3.012206912921311e-06
2.2368476410564136e-05
-1.7411376639134628e-05
1.3121622655270156e-05
-2.1277589609691687e-05
2.548154257243307e-06
1.0327825685666537e-05
1.8479733529357058e-05
-1.7965811834906976e-05
-1.1159621409781953e-05
-1.9510144521370682e-05
7.88194526995395e-06
-1.6571395759778116e-05
1.2756450328207158e-05
-2.084775575250497e-05
1.1951570322188132e-06
1.2910271179044308e-05
1.613496721568193e-05
5.176030095515142e-06
-1.9675043256713987e-05
-1.9576692432344776e-05
-4.80545166581009e-06
1.2619910887337772e-05
1.555535512341373e-05
1.7741366158689772e-05
-8.401211946981041e-06
-1.487139347075146e-05
-1.2571654912955644e-05
-2.6367490695921037e-06
-1.9052386685512623e-05
1.60401013546487e-05
-1.036976255237508e-05
1.6878664165677737e-05
-8.937345705339827e-06
-1.8575158217471853e-05
2.884288240781352e-06
5.2851383948182005e-06
-1.783597069275681e-05
-9.919681239375838e-06
1.5725975431880744e-05
1.6486033365359593e-05
8.455184132885429e-06
5.202237587588183e-06
-1.777446715061126e-05
1.8178591018470205e-05
-3.2388867649850717e-06
1.826286800152882e-05
-2.2552149697065983e-06
-6.5214476964916e-06
-1.7015501215154828e-05
-1.1292513077502882e-05
1.3879836430386498e-05
1.6972774375594287e-05
4.899032178003138e-06
5.242065859612788e-06
1.6811455038386906e-05
-1.738030561581272e-05
2.607552658250023e-06
-9.652929862312844e-06
1.356053878199115e-05
1.6496816625681325e-05
2.032264245049986e-06
1.5615600664041996e-05
5.540272950036674e-06
-1.0380903825045113e-05
1.2786340045327082e-05
-3.9960192942196384e-06
1.5921114578181794e-05
-8.15563573469974e-06
1.4163566000519822e-05
-1.3594622902996984e-05
-8.946707476981786e-06
-1.4733474444390494e-05
-6.756934315899188e-06
6.398670524071393e-06
-1.4817300433509373e-05
2.025760494638762e-06
1.5927993567845258e-05
-8.379130760088449e-06
1.3480678047962637e-05
-6.3455150664603614e-06
-1.4077844330884603e-05
-1.4011151159034729e-05
6.4506846277977426e-06
-7.22932103518037e-07
-1.5365096034521826e-05
-3.5263533429672373e-06
-1.4960358364558806e-05
-1.4702298714146245e-05
3.691556991551437e-06
-8.092226142497987e-06
-1.267400036548047e-05
-1.4395579247426834e-05
4.259499068614947e-06
1.389899780709325e-05
4.971554920553859e-06
1.2053473798539493e-06
-1.4629271491298994e-05
-1.2317638660631957e-05
-7.652752290844334e-06
5.155557012284206e-06
-1.3460942390848607e-05
1.2155064587818038e-05
-7.722295632858703e-06
-1.228432730004947e-07
-1.425598399726169e-05
2.6127332163174146e-07
-1.414631658442142e-05
-1.3482705843492662e-05
3.954541268314803e-06
-1.0931483577292461e-05
-8.771148108424887e-06
-7.050757619828152e-06
-1.2008575144143705e-05
1.2734520290976215e-05
5.413068096386531e-06
-1.0903719564529123e-05
8.374160101537325e-06
-1.3149612292743695e-05
-4.006116966655537e-06
-1.3256943241641201e-05
-3.5170461954152286e-06
-1.2103325191349281e-05
6.215886609864496e-06
1.2080151256656346e-05
-6.052156774489753e-06
-7.452623149499765e-06
1.0975831067562669e-05
-1.123204895056501e-05
-7.046335526176284e-06
-1.2806398235804231e-05
3.226054134388166e-06
-6.0084393271382374e-06
1.1739857381096286e-05
-3.081948006367512e-06
1.2802722336029653e-05
4.971307165962391e-06
1.2024344201849113e-05
-6.690522843736058e-06
-1.0988004550633367e-05
7.86285661317343e-06
9.93158514326431e-06
-1.2220854970924566e-05
-3.282300843818975e-06
4.1890110314739e-06
-1.1853976536505967e-05
-4.8474309045817565e-06
-1.157233558129786e-05
-1.2501596858585706e-05
9.416497788743705e-07
-1.2232350587688735e-05
6.251396677032228e-07
5.4045963690157546e-06
1.0951131348668344e-05
-7.500600861644058e-07
-1.2132849027597093e-05
1.0496204396165657e-05
6.043524189104033e-06
-3.3015654606094455e-07
-1.2102319363570757e-05
-1.1227757376088609e-05
4.415886116188705e-06
5.120639858627485e-06
1.0769452424633674e-05
-1.1729627524527025e-05
-1.5411857060287324e-06
-6.320727963276235e-06
9.936513610200315e-06
1.1765841822293343e-05
3.9055904279372555e-07
1.05776421981226e-05
4.805394891030251e-06
-1.145123813755422e-05
1.784141268589723e-06
-1.0060783929083938e-05
-5.6204991362330815e-06
5.7579441628170525e-06
9.667452240802955e-06
-1.1221646836447441e-05
2.6100154622055173e-07
3.898559730165615e-06
1.0412778755325077e-05
9.333641629131862e-06
-5.895387216654057e-06
-2.817886805342118e-06
1.0668078306236853e-05
3.8365883144936275e-06
1.02468209033504e-05
-1.0634319029629163e-05
2.151165784360476e-06
1.0769027930287889e-05
-1.8147735393919674e-07
-1.0320065920557637e-05
2.9957937472419516e-06
8.759251639188625e-06
6.221090958616195e-06
-6.313839001209118e-06
8.644231529911783e-06
-1.0669012551882128e-05
5.789822920674315e-07
-2.401658412593474e-06
1.0396715412233034e-05
-8.362174815591553e-06
-6.423799278836279e-06
3.737853656855198e-07
-1.0511619737598132e-05
-1.0414770277488717e-05
9.991336074981553e-07
-5.719835791909461e-06
-8.734100796221919e-06
3.46572498478942e-07
-1.0391547364781373e-05
-2.6431675685948535e-07
-1.0328014481721993e-05
-7.367968222621757e-06
-7.0853019750129755e-06
-4.881198696371325e-06
8.96441757432448e-06
-1.3658356818576078e-06
9.949556402061563e-06
5.1770794971571166e-06
8.573884094975233e-06
-2.3524576649143065e-06
-9.683932534935311e-06
-8.965954518434182e-06
4.3437973838125335e-06
-9.664795733403575e-06
-2.3947081812069476e-06
-8.816109151893612e-06
-4.591868239127507e-06
-7.713911018846157e-06
6.147289849304042e-06
3.2944705794549707e-06
9.224664642590929e-06
-2.3363782098505347e-07
-9.791285648377807e-06
9.76379153260809e-06
-1.6317793995708484e-07
-8.653533474486449e-06
4.434976497797685e-06
2.6576217500586635e-06
9.340093386998483e-06
-6.848905212962192e-06
-6.67906421209364e-06
-8.720298928664175e-06
3.898238514675998e-06
-5.8936302568669554e-06
-7.507663629116479e-06
9.395697298080194e-06
1.058550359510244e-06
6.472810878294648e-06
-6.847045946961034e-06
2.1677983954349057e-06
-9.112165222289192e-06
-6.7793061627868595e-06
6.454289265942405e-06
9.276100396038405e-06
1.2514550418303293e-06
-7.356040160801307e-06
-5.522870002454534e-06
8.978078263384493e-06
5.254787220297374e-07
-2.1421385470523356e-06
8.645906338893553e-06
-7.450639136094645e-06
4.856277382609464e-06
3.0039419716182994e-06
-8.223148564029025e-06
7.481988981580368e-06
-4.5155115432765625e-06
1.253411634254742e-06
8.640371254855395e-06
6.589196621831217e-06
5.6515817496889385e-06
8.242653737897935e-06
-2.6842717383588553e-06
-2.96923290837986e-06
-8.003948522416983e-06
-2.2601016767099804e-06
-8.155383442711717e-06
-6.200523547956055e-06
5.7405380619223175e-06
-6.275916464617338e-06
5.6407631594290604e-06
8.001525215663996e-07
8.175353886578084e-06
-3.969185927663491e-06
-6.928053300331031e-06
9.130170592261955e-07
7.916656623794483e-06
-7.473342088841036e-06
2.5808571127836224e-06
-4.567195900079639e-06
6.3352241489706556e-06
-4.08799909598688e-06
6.632461271719292e-06
1.1544420482005185e-06
7.661948708615429e-06
7.673011474741907e-06
-9.088049905986509e-07
-7.59428095903044e-06
-5.29898022819145e-07
7.577020902698128e-06
-5.162899184645211e-07
3.3537537793507793e-06
-6.804850693523642e-06
-7.012374894918252e-06
-2.8751595157778878e-06
4.762891136527836e-06
5.883648716450807e-06
2.6551511155357837e-06
7.071693141382927e-06
3.7577866902730216e-06
-6.544293020144136e-06
4.9572517798381896e-06
5.572662376593928e-06
-5.2033304708733465e-06
5.24192737310026e-06
-5.600271059651916e-06
-4.747237579433898e-06
-2.415934679901883e-07
7.332257859302589e-06
-2.88486635457514e-06
-6.670167551961103e-06
-8.15004906543678e-08
7.219780162408637e-06
-6.398133693396174e-06
3.161528953722625e-06
-6.709630251629517e-07
7.054217013404526e-06
2.7511193698007143e-06
6.525931367985072e-06
-5.814377869955034e-06
-4.019897657049076e-06
-2.637664840174858e-06
-6.54448968523183e-06
-4.269710447607992e-06
-5.592413522467685e-06
1.8628645996638936e-06
-6.775835229764884e-06
-4.723830582783695e-06
-5.15592040826185e-06
1.8988726159688691e-06
-6.64200738129802e-06
-5.57055348962824e-06
-4.034967361538425e-06
1.337509426955527e-06
6.684327457255876e-06
6.297206488953381e-06
2.5751059391419735e-06
-5.455801536083611e-06
-3.7954586227701583e-06
-6.244456670252491e-06
-2.1327014819975097e-06
-1.463700818818978e-06
-6.331130962787659e-06
-5.9832228145800944e-06
2.4806336232638843e-06
-3.473887278404468e-06
5.4656503934413685e-06
-4.682997603429939e-06
4.449015652231436e-06
6.171538944549516e-06
1.8914610921701966e-06
-4.361401703461783e-06
-4.757105921224476e-06
2.7853259442993244e-06
5.820125760530115e-06
9.774437544771697e-07
-6.367781773153242e-06
6.267336868643692e-06
1.3045602976353224e-06
-8.338803198693693e-07
6.317589176923009e-06
-5.7314789361164746e-06
2.66428948603685e-06
5.76768631726704e-06
2.558741126215588e-06
-9.122128595420373e-08
-6.308765462449045e-06
6.017537417994809e-06
-1.857778030937278e-06
4.043449770366026e-06
-4.784558962879187e-06
-6.138852998005832e-06
1.0880357992190253e-06
5.9197445233507285e-06
1.9171113311519107e-06
-6.142954504556486e-06
9.45540434892811e-07
4.457745770090961e-06
4.244129588753174e-06
2.4815497301543045e-06
-5.60808450278635e-06
1.8520261507504187e-06
5.823668287524342e-06
-2.4566132723516375e-08
-6.107060023397004e-06
-6.091361118914673e-06
1.910608981788714e-07
-2.0008734071230163e-06
-5.741130330731203e-06
2.5583959282285405e-06
5.502797046100655e-06
5.235839258298292e-06
3.0577679918923905e-06
5.807910223599207e-06
1.4206663544548797e-06
-3.3879453357568405e-06
-4.918415107119038e-06
5.3119232320199e-06
-2.555799941171444e-06
-4.597575940601395e-06
3.491116978436626e-06
9.381845933289327e-07
-5.6211747575849214e-06
5.267890965021144e-06
-2.0681751504165456e-06
-3.867446406059218e-06
4.072627089703566e-06
-5.569416506666008e-06
6.80491358041102e-07
-2.1510030885882324e-07
-5.586253323423939e-06
-5.2037366559662845e-06
1.8874015772678554e-06
-4.967789801604727e-06
-2.424909762670513e-06
-3.29652637742979e-06
4.350996418019934e-06
4.999798778863917e-06
2.1540383632832063e-06
-1.6264507576564808e-06
-5.179929794199886e-06
-4.669667758498981e-06
2.719433491578882e-06
2.031670727144238e-06
-4.942642140916928e-06
-5.3011062764327655e-06
-3.4068927478031473e-07
-1.9092102025238672e-06
4.945632498003953e-06
-5.2201001936000165e-06
-8.401782683048753e-07
4.032094808502369e-06
-3.327451865489016e-06
-2.5458308038279894e-06
4.496559082245087e-06
-3.564799636746732e-06
-3.738449495440388e-06
5.101903085453774e-06
1.044534565590241e-07
4.178770716218937e-06
2.8865523974629243e-06
-4.95881832746986e-06
9.909769668050017e-07
-8.461050362694734e-07
-4.95599986310103e-06
-4.612202900804538e-06
-1.9012530165204432e-06
4.754458517836763e-06
1.3025375967322776e-06
1.230836993506991e-06
4.7604934809747296e-06
1.8106723688333659e-06
-4.564064434979975e-06
-4.072529209194518e-06
2.718766574093104e-06
-1.3546751261551554e-06
4.692897073613806e-06
4.553911527467188e-06
-1.6947447391155108e-06
2.2644384684204973e-06
4.186865737210651e-06
-3.902556578522458e-06
2.723361523112233e-06
-2.3144319523737966e-06
4.149599251235703e-06
3.4583528281911804e-07
-4.718757308300369e-06
4.344105864993245e-06
-1.8624369112489603e-06
-4.523282605182366e-06
-1.0201086245566067e-06
-4.145552938876874e-06
2.0682476054703775e-06
-2.6990847195440123e-06
3.7417782077547624e-06
-7.05818617827328e-07
4.5385471863380116e-06
2.6836126062670803e-06
-3.722544233512294e-06
4.433588293566296e-06
-9.17087324626753e-07
4.233031800556588e-06
-1.5574652251558463e-06
-2.3270715285352364e-07
4.476903567006999e-06
4.376652424449623e-06
8.520075005983286e-07
-4.4228663690063366e-06
5.155951143337948e-07
-3.6836705288989038e-06
-2.462083193990494e-06
-3.8236875028933065e-06
-2.016123884359275e-06
4.141507115221068e-06
-9.600187565318719e-07
3.9244656772154735e-06
-1.6202484455875785e-06
1.911296972599799e-06
-3.7904318687865537e-06
-8.022827730614756e-08
-4.219838020044343e-06
-3.1738513330492827e-06
-2.7630173296983305e-06
3.0259352386227503e-06
2.913974071412924e-06
1.4338278740332958e-06
3.7864660710028654e-06
3.452095418589901e-06
2.0973140653913202e-06
-2.9096066604841624e-06
-2.7665616618008752e-06
-2.558540055147898e-06
3.080253855408251e-06
-3.5857277764483055e-06
-1.7633794457591056e-06
2.9755750045170614e-06
-2.6216503144036453e-06
3.143634308548417e-06
2.3911669243245754e-06
-3.120398074210098e-06
-2.3547114894549233e-06
2.854656797509243e-07
-3.866425848965512e-06
3.1032810922613783e-06
-2.280375981099824e-06
-1.707899693110252e-06
-3.4034009093855953e-06
-2.5119749104960954e-06
2.8535106159139205e-06
2.0244105164392824e-06
-3.203598859881588e-06
2.491111331617074e-06
-2.8486015589217396e-06
-3.7752004123692213e-06
-1.819143831061909e-07
8.988708648734605e-07
3.6193671498802872e-06
-7.481057544851937e-07
-3.64234494308752e-06
2.013513729746258e-07
-3.7112777284565127e-06
-2.0506000947207586e-06
3.0206921052240675e-06
1.721143424181837e-06
3.205655468816338e-06
2.8261301161431883e-06
2.2818463602865753e-06
-2.0838696912914428e-06
2.9690230738434377e-06
-2.9112080176457342e-06
-2.141198295059387e-06
2.4706963943458835e-06
-2.635980606941049e-06
8.274984982067843e-07
-3.4507405116910687e-06
-8.238546673343845e-07
-3.4441284360812453e-06
-3.4082258775209528e-06
9.440146334446369e-07
-2.2470417706867772e-06
-2.711035711647644e-06
-3.410344110436482e-06
7.623932073106774e-07
-2.263466859322043e-06
2.6332032348514584e-06
-3.4485812709695444e-08
-3.3432897508763743e-06
2.1405706253707636e-06
2.527540663745498e-06
-3.9824693984352387e-07
-3.2010946994957596e-06
-4.2460259483131404e-07
-3.140143870777205e-06
2.8671834416664072e-06
1.3384410887554572e-06
-7.258176804296155e-07
3.0319922479667453e-06
4.0812511847934665e-07
3.090405224163678e-06
-6.854619956849495e-07
-2.9903716909102095e-06
-2.9587141376114435e-06
6.876845230304532e-07
1.5948040130157777e-06
-2.5674304881945082e-06
-3.680339760053367e-07
-2.9955715056195627e-06
1.3828854505605544e-06
2.6648761690392705e-06
-1.461947381965145e-06
2.5900876690779004e-06
2.429141417571973e-06
-1.6949105001349898e-06
-1.1866311674711797e-06
2.69428632029629e-06
1.2332310463826942e-06
-2.667996079915705e-06
5.6387231394281963e-08
2.930608257268458e-06
-2.844343762290605e-06
4.1747078331138416e-07
-2.6040548559563663e-06
-1.0377607665594466e-06
6.80141286588296e-08
2.774441852054084e-06
4.66434860662876e-07
-2.665755512367569e-06
2.692915624038908e-06
2.641604953676005e-07
2.0765877570168912e-06
1.715209155208744e-06
2.1829236977058963e-06
1.5124540805720384e-06
-6.747826534081684e-07
-2.547614136785486e-06
0.000683459074315
0.000642782893558
0.000616835448328
0.000526083597475
0.000715126733266
0.000489629615506
0.000453912711748
0.000562819498586
0.000446935397965
0.000508762017766
0.000383913019494
0.000499384827579
0.000492015874056
0.000424612204237
0.000493138254845
0.00033675135089
0.000382929886667
0.000475658713404
0.000489816102559
0.000529284564915
0.000502570730198
0.000385520098655
0.000460771038523
0.000514769103581
0.000392621960671
0.000433166702782
0.00043347576288
0.000559259186935
0.00060701222
0.0003333323972
0.000383403711286
0.000452960374091
0.000473857511955
0.000398534498424
0.000428469879368
0.000510263638142
0.000599695599549
0.000467396434264
0.000455207495644
0.000428063824325
0.000402649923919
0.000507555764487
0.000375992838624
0.000746589254621
0.000503994355328
0.000417350321311
0.000310302547782
0.000503847843938
0.000408029396249
0.00054599650472
0.000468816616693
0.000382585793972
0.000388090207309
0.000315579071821
0.000264514753822
0.000443879692505
0.000519725715049
0.000413893910151
0.000324492337582
0.000372609043916
0.000471587261209
0.000470263519508
0.000356407683368
0.000301361606129
0.000313727043108
0.000468799954617
0.000301551833926
0.000391260538984
0.000342847303159
0.000451686898729
0.000549927199111
0.000628954454927
0.000387723355903
0.000292156703822
0.000509172956426
0.000399380992274
0.000442680641001
0.000298319892381
0.000332897000239
0.000359654906445
0.000298135960454
0.000540148590095
0.000376084232796
0.000433798931699
0.000342097716883
0.000276161635304
0.000340603359087
0.000389502430419
0.00053619836025
0.000333894781962
0.00038557629691
0.000383270957956
0.000475577465208
0.000324440121293
0.000313481432676
0.000430412038339
0.000333494869795
0.000453364297729
0.000420608880178
0.000347343350317
0.000409330447107
0.000418993087208
0.000315330970413
0.000367618741345
0.000372379310158
0.000411213837062
0.000395434817957
0.000391007330693
0.000351060215313
0.00034933023101
0.000417706613569
0.000354268975675
0.000352862747356
0.000363343477813
0.000353863615325
0.000441520621902
0.000329641148034
0.000377946985917
0.000359114043307
0.00056751051257
0.000318280610106
0.000338043967523
0.000462319233974
0.000320089040542
0.000286810387052
0.000209129111843
0.000454424904512
0.000294443630603
0.000414279394383
0.000461190528577
0.000422347705672
0.000394115978536
0.01
0.000277516464088
0.00035336037405
0.000337318060617
0.000308157187712
0.000312374182266
0.000251165912898
0.000374369284579
0.00034594810577
0.000357700532383
0.00034327078549
0.000463705767202
0.000262582953259
0.000450331209965
0.00040636577173
0.000597230012416
0.000490327071865
0.000437677659786
0.000333365138927
0.000324022203173
0.000328857516395
0.000369074891212
0.000481206766326
0.00053139947028
0.000396473256587
0.000362946470801
0.00037551706961
0.000279371337652
0.000342736361774
0.000444321691094
0.000298398433015
0.000298184433
0.00022929194504
0.000258714662186
0.000307848635852
0.000333439520194
0.000380942355525
0.00060699218021
0.000313642877913
0.000254294244634
0.000287200895752
0.000435105305119
0.00037509520102
0.000257526145458
0.000424881253543
0.000315185094777
0.000410812539474
0.000255844973115
0.000766886412785
0.000333405607283
0.000246547990688
0.000372190863534
0.000411174924948
0.000344459811424
0.000337974741405
0.000313429069396
0.000271908184834
0.000312276184666
0.000261424780318
0.00035808825511
0.00036305491335
0.000383530313503
0.000296348310636
0.000321328251355
0.000691763322041
0.000384643013773
0.000425467855276
0.000334474546246
0.000262138753689
0.000349145525714
0.000345269209781
0.000334217402683
0.000293111560427
0.000299339754291
0.000255562409687
0.000287239194074
0.000250948048728
0.000333573444072
0.00043788471049
0.000251190740897
0.000261353756148
0.000314548503186
0.000321783592834
0.00027253507582
0.000277473004643
0.000321776056171
0.000358956377616
0.000608043510687
0.000387006351093
0.00037012275992
0.000382951988757
0.000345415923159
0.000287267587671
0.000259849633932
0.000273200672594
0.000353943199965
0.000287841267281
0.000403130275268
0.000355791637711
0.000278232053948
0.000284948202759
0.000287849414193
0.000493082539568
0.000359100661635
0.000274432298133
0.000510096257132
0.000464674484069
0.000224603315525
0.000398755884154
0.000443860236083
0.000344520133859
0.000568700209229
0.00036935931971
0.000318666885462
0.000520076814949
0.000658211084585
0.000319455396144
0.000305433858379
0.0002796941034
0.000231112288895
0.000321234465727
0.000421374795254
0.00026954168728
0.000277976818802
0.000232564189467
0.00032706366011
0.000218715997605
0.000286997271075
0.00039746606815
0.000315594493713
0.00039012461996
0.000439276289869
0.000501572247779
0.000222881087755
0.00035404344643
0.000358924934221
0.000291036164081
0.000368159426698
0.000313515272399
0.000221766788058
0.000288720128621
0.000229188794076
0.00019363321987
0.000214336269304
0.00027481497266
0.00037829246912
0.000347330165759
0.000383141999908
0.000291819713192
0.000361548399005
0.000233873487227
0.000351139718166
0.00039011923965
0.000368427268462
0.000357560799101
0.000428534910072
0.000311826021568
0.000323146099714
0.0001628919352
0.000369122124964
0.000346476207615
0.000219351408734
0.000386511615772
0.00024107761998
0.000297430876034
0.0003627432152
0.000304369772868
0.000178053343361
0.00027277949771
0.000306086712934
0.000311042213683
0.000421341616827
0.000329806149723
0.000339678239515
0.0003616493859
0.00026829547218
0.000282008822776
0.000387078648096
0.000388429378832
0.000272102694246
0.000323880426804
0.000298618859545
0.00040866972555
0.000432907248989
0.000221728774887
0.000259044634468
0.000254024682953
0.000234855715995
0.00028373440507
0.000279377446538
0.000288274649385
0.000152037453408
0.000499744048671
0.000432271117671
0.000226636309525
0.000313656594776
0.00038161423418
0.000283242551688
0.000188911986785
0.000325058506844
0.000251378442396
0.000200660301897
0.000152493455574
0.000315138143746
0.000388961431518
0.00037806182758
0.00022389993924
0.00029772447026
0.000331412356894
0.000199508872798
0.000439625634154
0.000241098872945
0.000258059357508
0.000273279321879
0.000411004545796
0.000364070516626
0.000384745250572
0.000242566816151
0.000228441276041
0.000455902363799
0.000345406111758
0.000241266244343
0.000343525011015
0.000192750082049
0.000243991221015
0.000279504170512
0.000360738504453
0.000465040726923
0.000542299477225
0.00041021984939
0.000247630527679
0.000315717731315
0.000387900977592
0.000318343071107
0.00056072576366
0.00020154552563
0.000396991886981
0.000255988752366
0.000308191842465
0.000190538708678
0.000277961219659
0.000367842873537
0.000383828282058
0.000275941687679
0.00035763455431
0.000210684827539
0.000395525427592
0.000331506176815
0.000480208540107
0.000324915365549
0.000341537528368
0.000463984718992
0.000347534918935
0.000147368123031
0.000108242379047
0.00034118999781
0.000321998838338
0.000147881402414
0.000195215810645
0.000243633993914
0.000270965749798
0.000310386965762
0.000348199836679
0.000213573328414
0.000425638640578
0.000348947633666
0.000156980076251
0.00034800666046
0.000271670847699
0.000209980505467
0.000363911834376
0.00040272097757
0.000476321803152
0.000473519718259
0.000300451562984
0.000362466619541
0.000256934129935
0.000307323901425
0.000178240919111
0.000273283421724
0.000273933529659
0.000268065695973
0.000426088071153
0.000180189369006
0.000395507329101
0.000238356195353
0.000499494362108
0.000507130415046
0.000182359656955
0.000330555603549
0.000226631967388
0.000309180514215
0.000210754265334
0.000268786742151
0.000397936799846
0.000184691699001
0.000298010061424
0.000196854561612
0.000254541476785
0.000371039147688
0.000384985425574
0.00031374439338
0.000240274916959
0.00027928593469
0.000353102186726
0.000246799353142
0.000278051791682
0.000795725894766
0.000393545229615
0.000360619328815
0.000305329594235
0.000412416760867
0.00043058610969
0.000120685601993
0.000135285846046
0.000289174272732
0.000332145033125
0.000544091198156
0.000392289594249
0.000342737349881
0.000189406686426
0.000328627850074
0.000232387684801
0.000232998249345
0.000445126627864
0.000383324944955
0.000227644723283
0.000404456398689
0.000208080301338
0.000354805063179
0.000320174503011
0.000213791317694
0.000196281571175
0.000286782863178
0.000369961669757
9.9950994043e-05
0.00035125811679
5.70558040892e-05
0.000261358313669
0.000251626367171
0.000460575127199
0.000165103799872
0.000295106410591
0.000327572443515
0.000213170673407
0.000291113312541
0.00040818475633
0.000307713480844
0.000260737475024
0.000298219365796
0.000264926324147
0.000323287784022
0.000259428570373
0.000395079074116
0.000333776632869
0.000541378685448
0.000192030161209
0.000325576251356
0.000316037434242
0.000198394359059
0.000503669111318
0.000311845880481
0.000344184886885
0.000309289353866
0.000664117735505
0.000317838175938
0.000622677938536
0.000256271362359
0.000180811200276
0.000351529402177
0.00025019204495
0.000288264618158
0.000273624732608
0.00052255351169
0.000218462651466
0.000251310194615
0.000526632766197
0.000408500314851
0.000278936444065
0.000221821889301
0.000265829512135
0.000394509210544
0.000379145749154
0.0003856981676
0.000157804884626
0.000406701865143
0.000262224076843
0.000216995534558
0.000291862297122
0.000340479604468
0.000318909750722
6.45016640025e-05
0.00020096986981
0.000364463869757
0.000441999873859
0.000248929189022
0.000282902312435
0.000331862999087
0.000238499373424
0.000122348146961
0.000161283218587
0.000496914129697
0.000579732145879
0.000385782247805
0.000396256660748
0.000350242917552
0.000247970901345
0.000362486002004
0.00036340672358
0.00053374729834
0.000200674610169
0.000368066254017
0.000409676310151
0.000379638355473
0.000184531249415
0.000130595244064
0.000387974229256
0.000418131516733
0.00038969243222
0.000263505674267
0.00020990931886
0.000217224830827
0.00031748290634
0.000278448076376
0.000266143108907
0.000318007935217
0.000321774124325
0.000404625550999
0.000309366274401
0.000332018889421
0.000233261688993
0.000174406512917
0.000454981906148
0.000424132691023
0.000516680979556
0.000211549075533
0.000461090668714
0.000202976677458
0.000417498851915
0.000285779050759
4.18849508044e-05
0.000649845129919
0.000401327278424
4.51166313277e-05
0.000475093415841
0.000315407425418
0.000244194952642
0.000169009599283
0.000399542178881
0.000366112036678
0.000500616219651
0.000339411015384
0.000196449020319
0.000381953474733
0.000340643326927
0.00038225825094
0.000419211484896
0.000305710405008
0.000287833694785
0.000290873130265
0.000201384943771
0.000423934697438
0.000295348085419
0.000537546883753
0.00060430083573
0.000378284310274
0.000247884644437
0.00037188419627
0.000431091641868
0.000451599890241
0.000432576826613
0.000467255966715
2.05143862799e-05
0.000354203895304
0.000475150551266
0.000351771428296
0.000437819671343
0.000374440093295
0.000363700646923
0.000480683664284
0.000393200773946
0.000553476565464
0.000391484672025
0.000264534229766
0.000281342900458
0.000335098531162
0.000407743054182
0.000248168942483
0.01
0.000379545573565
8.86082955506e-05
0.000405111538063
0.000399735989778
0.01
0.000382230783572
0.000297386505715
0.000283065433329
0.000496281303957
0.000290010845256
0.000146036576168
0.000381605359374
0.000455999204898
0.000284327854378
4.08079732912e-05
0.000387474441895
0.000388793551275
0.000386094549863
0.000376920637607
0.000458723006088
2.18093482498e-05
0.000423131340046
0.000337548295437
0.000411456083804
0.000290114908742
0.000245504681834
0.000107661690003
0.000345769686148
0.000362382778138
0.000568172867473
0.000394773044676
0.000292108753895
0.000357327841925
0.000290512069573
0.000368494946501
0.000450047816378
0.000314358291134
0.000356470135339
0.000156570444171
0.000414076594211
0.000358182377842
0.00026097009789
0.000299157295501
0.000301082047018
0.00031945543486
0.000601592592646
0.000295745284988
0.000243857831887
0.000289568086081
0.00036913964934
0.000304502206321
0.000395828480565
0.000681568801455
8.60787825152e-05
0.000427234985301
0.000382134427065
0.000577206626611
0.000392583553203
0.01
0.000468996521359
0.000232330675926
0.000207856117943
0.000326734801636
0.000219441960511
0.000204819754817
0.000268787047968
0.000196896282745
0.000226713750186
0.000332231002272
0.000358876859295
0.000392807769833
0.000406963557121
0.000321260085261
0.000425456448999
0.000214664932239
0.000351281340319
0.000236337076858
0.000307034728317
0.000467045944264
0.000352339006419
0.00038279786189
0.000386368256057
0.000210423309112
0.000430923635166
0.000259754516757
7.10084223581e-05
0.000333412132563
0.000334001603954
0.000295068481212
0.00042157722186
8.71976920691e-05
0.000438737372686
0.000250115765342
0.000281337571057
0.000269977133034
0.000317076639671
0.000372890398402
0.00028528470252
0.000288371854831
0.000221852078544
0.000467053724499
0.000576942739896
0.000538477173819
0.000367381774984
0.000284284098766
0.000352486409573
0.000122004830131
0.000563925752318
0.01
0.000452644455226
0.000301847352788
0.000361662658673
0.000312677313726
0.000425682220178
0.000474595739718
0.000212598601536
0.000279006832457
0.000373628765104
0.000303624921186
0.000349308979644
0.000426701913814
6.26658445235e-05
0.000300574917977
0.000589309515331
0.000295433109168
0.000346345565001
0.000278233521219
0.000176183585866
0.000303913358504
0.000294109055962
0.000278017817299
0.000187005494316
0.000533416659928
0.000315872421943
0.000263443977069
0.000345057407768
0.000151077501888
0.000172664686964
0.000241762835314
0.000292957994163
0.000292020747323
0.000500580913465
7.64117389824e-05
0.000208893410961
0.000212239409997
0.01
0.000386661764204
0.000275784852503
0.000392103399935
0.00036822570794
0.000286757381542
0.00030186154592
0.000340199152202
0.000398323873559
0.000308530842494
0.000488311222745
0.000433000368836
0.000264090814335
0.000182868435095
0.000338592598846
0.000281833897867
0.00018243911539
0.000192863833854
0.000211723890002
0.00026576919753
0.000417603925536
0.000327770787222
0.000514167628565
0.000261213169092
0.00038152663567
0.000250418215552
0.000417850800342
0.000296684958567
0.000301916856165
0.000372679748377
0.000339579196673
0.000268359456443
0.000281613281568
0.000308685136681
0.000455668686881
0.000300068642442
0.000280819286927
0.000108874268465
0.000288860086214
0.000468464186993
0.000435410564128
0.000344635940606
0.000323591322868
0.000448320089085
0.000280059539839
0.000341944618187
0.000308927693965
0.000267893303765
0.000283384570251
0.000313697544271
0.000311207762197
0.000172779989484
0.000311341546685
0.00037918351317
0.000370263051809
0.000165001075565
0.000404836884953
0.000297831494833
0.000387083434031
0.000312368425878
0.000362846310137
0.000475785203382
0.000225077783739
0.000410186214753
0.000382238059962
0.000207936611281
0.000345844044092
0.000251509780124
0.000293517458108
0.000164755237621
0.000288727000004
0.000276123512706
0.000359357867846
0.000248464646019
0.000316548952028
0.000238647813478
0.000221688988149
0.000340881313127
0.000359447702494
0.000258963430655
0.000303035129236
0.000317404292051
0.000297822565991
0.000425450013993
0.000250080385626
0.000245686433338
0.000327185278602
0.00026928596898
0.000307394677109
0.000315289203924
0.000274097673926
0.000252361331354
0.000240587413832
0.000273399293794
0.000252551726133
0.000269913942698
0.000356094365131
0.000253152897844
0.000314021407662
0.000237843404695
0.000240960531455
0.000238159381101
0.00040677374339
0.000284720808907
0.000328369629945
0.000281490030322
0.00025544565028
0.00025329317814
0.00025489972431
0.00021051095919
0.000232327842219
0.000154585992573
0.000265490162149
0.000236341551035
0.00032410021337
0.000476659672474
0.000307909002916
0.000286656211226
0.000255338321553
0.000329266342802
0.000429006306077
0.000193692865084
0.000225920847374
0.000230965336845
0.000265146143507
0.000338310532841
0.000386739302583
0.000357119231601
0.000225855799306
0.000224569495442
0.000191871115096
0.000225872698663
0.000251084729091
0.000316596333168
0.000259038318692
0.000171215623533
0.000346065904386
0.000220207987865
0.000199701501279
0.000388308373223
0.000310199424538
0.000194116225122
0.000237821742825
0.000233200987537
0.000151218249829
0.00012830604394
0.000253030739545
0.000221500633401
0.000308623636891
0.000137082567496
0.000254912856652
0.000250218185661
0.000251134732231
0.00038859177027
0.000143624044809
0.000256522281673
0.000409985944611
0.000308031699216
0.000259520670184
0.000223286872681
0.000379045055352
0.000298290757996
0.000262726375378
0.000218145524031
0.000224480022352
0.000252945285513
0.000210424174863
0.00021055248488
0.000202095166258
0.000226879412806
0.000278067265011
0.000118395421809
0.000138781564066
0.000165952841815
0.000244364258127
0.000302146860692
0.000227076852746
0.000181240176543
0.000214631753505
0.000251128907423
0.000157964386182
0.000190805657727
0.000234188116951
0.000260082299822
0.00014724434255
0.000172862544108
0.000228401552653
0.000218343307837
0.000194549757105
0.000294771935841
0.00019922739799
0.000244450566836
0.000184914882811
0.000192322848219
0.000310504519902
0.000183964680215
0.000230122429916
0.000312480419287
0.000282406599386
0.00020065595758
0.000158936100643
0.000213261003714
0.000252350865932
0.000144494181951
0.000189348605535
0.000193816773927
0.000323608020749
0.000224509983072
0.00020165700937
0.000331511427992
0.000181702994201
0.000216029712186
0.000245665722493
0.000379224121273
0.000181386901133
0.000225183590696
0.000173377179093
0.000213626960776
0.000119584834213
0.000219650765714
0.000130847301616
0.00018720120133
0.000143551094554
0.000200702831531
0.0001929150899
0.000248834380143
0.000125683226341
0.00014749020021
0.000158910319803
0.000177301655065
0.000206822751978
0.000156200279042
0.000249145091126
0.000193417908425
0.000221816765645
0.000242714804579
0.000120011312684
0.000135716101425
0.000222414760355
0.000269425016027
0.000157059843859
0.000135809072197
8.99092585182e-05
0.000328936984445
0.000140874245951
0.000206360278722
0.000153775994639
0.000192287014053
0.000221259614947
0.000183052019547
7.73772977751e-05
0.000199476511002
0.000160230617353
0.000105847997529
0.000251206619871
0.000145437353477
0.000206698228996
0.000115811195836
0
